8.85237283 -3.18705032 0.00000000
8.89788057 -3.19767996 0.00000000
9.03668672 -3.20807004 0.00000000
9.26447676 -3.18624356 0.00000000
9.56709142 -3.10315046 0.00000000
9.92192944 -2.93559359 0.00000000
10.30019248 -2.66857162 0.00000000
10.66974871 -2.29680531 0.00000000
10.99832957 -1.82529515 0.00000000
11.25674113 -1.26885460 0.00000000
11.42177008 -0.65066558 0.00000000
11.47849462 0.00000000 0.00000000
11.42177008 0.65066558 0.00000000
11.25674113 1.26885460 0.00000000
10.99832957 1.82529515 0.00000000
10.66974871 2.29680531 0.00000000
10.30019248 2.66857162 0.00000000
9.92192944 2.93559359 0.00000000
9.56709142 3.10315046 0.00000000
9.26447676 3.18624356 0.00000000
9.03668672 3.20807004 0.00000000
8.89788057 3.19767996 0.00000000
8.85237283 3.18705032 0.00000000
8.77229773 3.17273008 0.00000000
8.53530757 3.18399564 0.00000000
8.17741633 3.29254169 0.00000000
7.76649195 3.54144826 0.00000000
7.38305891 3.93289534 0.00000000
7.09751673 4.42746890 0.00000000
6.95023013 4.95525520 0.00000000
6.94013291 5.43557944 0.00000000
7.02507489 5.79979536 0.00000000
7.13381371 6.01066765 0.00000000
7.18625296 6.07285459 0.00000000
7.21821236 6.10695063 0.00000000
7.29661351 6.22196525 0.00000000
7.39160624 6.43015045 0.00000000
7.47095284 6.73376899 0.00000000
7.50326335 7.12484616 0.00000000
7.46114706 7.58594254 0.00000000
7.32396610 8.09187078 0.00000000
7.07991675 8.61218523 0.00000000
6.72723088 9.11419649 0.00000000
6.27437797 9.56621026 0.00000000
5.73924731 9.94066794 0.00000000
5.14739212 10.21687584 0.00000000
4.52951025 10.38305108 0.00000000
3.91841282 10.43748038 0.00000000
3.34578261 10.38867609 0.00000000
2.83904542 10.25451416 0.00000000
2.41866610 10.06043975 0.00000000
2.09613859 9.83691944 0.00000000
1.87287052 9.61639400 0.00000000
1.74007321 9.43003529 0.00000000
1.67966821 9.30463059 0.00000000
1.66611987 9.25990491 0.00000000
1.63848402 9.18339773 0.00000000
1.51023267 8.98379100 0.00000000
1.23728342 8.72812112 0.00000000
0.81626182 8.49670346 0.00000000
0.28554218 8.36036424 0.00000000
-0.28554218 8.36036424 0.00000000
-0.81626182 8.49670346 0.00000000
-1.23728342 8.72812112 0.00000000
-1.51023267 8.98379100 0.00000000
-1.63848402 9.18339773 0.00000000
-1.66611987 9.25990491 0.00000000
-1.67966821 9.30463059 0.00000000
-1.74007321 9.43003529 0.00000000
-1.87287052 9.61639400 0.00000000
-2.09613859 9.83691944 0.00000000
-2.41866610 10.06043975 0.00000000
-2.83904542 10.25451416 0.00000000
-3.34578261 10.38867609 0.00000000
-3.91841282 10.43748038 0.00000000
-4.52951025 10.38305108 0.00000000
-5.14739212 10.21687584 0.00000000
-5.73924731 9.94066794 0.00000000
-6.27437797 9.56621026 0.00000000
-6.72723088 9.11419649 0.00000000
-7.07991675 8.61218523 0.00000000
-7.32396610 8.09187078 0.00000000
-7.46114706 7.58594254 0.00000000
-7.50326335 7.12484616 0.00000000
-7.47095284 6.73376899 0.00000000
-7.39160624 6.43015045 0.00000000
-7.29661351 6.22196525 0.00000000
-7.21821236 6.10695063 0.00000000
-7.18625296 6.07285459 0.00000000
-7.13381371 6.01066765 0.00000000
-7.02507489 5.79979536 0.00000000
-6.94013291 5.43557944 0.00000000
-6.95023013 4.95525520 0.00000000
-7.09751673 4.42746890 0.00000000
-7.38305891 3.93289534 0.00000000
-7.76649195 3.54144826 0.00000000
-8.17741633 3.29254169 0.00000000
-8.53530757 3.18399564 0.00000000
-8.77229773 3.17273008 0.00000000
-8.85237283 3.18705032 0.00000000
-8.89788057 3.19767996 0.00000000
-9.03668672 3.20807004 0.00000000
-9.26447676 3.18624356 0.00000000
-9.56709142 3.10315046 0.00000000
-9.92192944 2.93559359 0.00000000
-10.30019248 2.66857162 0.00000000
-10.66974871 2.29680531 0.00000000
-10.99832957 1.82529515 0.00000000
-11.25674113 1.26885460 0.00000000
-11.42177008 0.65066558 0.00000000
-11.47849462 0.00000000 0.00000000
-11.42177008 -0.65066558 0.00000000
-11.25674113 -1.26885460 0.00000000
-10.99832957 -1.82529515 0.00000000
-10.66974871 -2.29680531 0.00000000
-10.30019248 -2.66857162 0.00000000
-9.92192944 -2.93559359 0.00000000
-9.56709142 -3.10315046 0.00000000
-9.26447676 -3.18624356 0.00000000
-9.03668672 -3.20807004 0.00000000
-8.89788057 -3.19767996 0.00000000
-8.85237283 -3.18705032 0.00000000
-8.77229773 -3.17273008 0.00000000
-8.53530757 -3.18399564 0.00000000
-8.17741633 -3.29254169 0.00000000
-7.76649195 -3.54144826 0.00000000
-7.38305891 -3.93289534 0.00000000
-7.09751673 -4.42746890 0.00000000
-6.95023013 -4.95525520 0.00000000
-6.94013291 -5.43557944 0.00000000
-7.02507489 -5.79979536 0.00000000
-7.13381371 -6.01066765 0.00000000
-7.18625296 -6.07285459 0.00000000
-7.21821236 -6.10695063 0.00000000
-7.29661351 -6.22196525 0.00000000
-7.39160624 -6.43015045 0.00000000
-7.47095284 -6.73376899 0.00000000
-7.50326335 -7.12484616 0.00000000
-7.46114706 -7.58594254 0.00000000
-7.32396610 -8.09187078 0.00000000
-7.07991675 -8.61218523 0.00000000
-6.72723088 -9.11419649 0.00000000
-6.27437797 -9.56621026 0.00000000
-5.73924731 -9.94066794 0.00000000
-5.14739212 -10.21687584 0.00000000
-4.52951025 -10.38305108 0.00000000
-3.91841282 -10.43748038 0.00000000
-3.34578261 -10.38867609 0.00000000
-2.83904542 -10.25451416 0.00000000
-2.41866610 -10.06043975 0.00000000
-2.09613859 -9.83691944 0.00000000
-1.87287052 -9.61639400 0.00000000
-1.74007321 -9.43003529 0.00000000
-1.67966821 -9.30463059 0.00000000
-1.66611987 -9.25990491 0.00000000
-1.63848402 -9.18339773 0.00000000
-1.51023267 -8.98379100 0.00000000
-1.23728342 -8.72812112 0.00000000
-0.81626182 -8.49670346 0.00000000
-0.28554218 -8.36036424 0.00000000
0.28554218 -8.36036424 0.00000000
0.81626182 -8.49670346 0.00000000
1.23728342 -8.72812112 0.00000000
1.51023267 -8.98379100 0.00000000
1.63848402 -9.18339773 0.00000000
1.66611987 -9.25990491 0.00000000
1.67966821 -9.30463059 0.00000000
1.74007321 -9.43003529 0.00000000
1.87287052 -9.61639400 0.00000000
2.09613859 -9.83691944 0.00000000
2.41866610 -10.06043975 0.00000000
2.83904542 -10.25451416 0.00000000
3.34578261 -10.38867609 0.00000000
3.91841282 -10.43748038 0.00000000
4.52951025 -10.38305108 0.00000000
5.14739212 -10.21687584 0.00000000
5.73924731 -9.94066794 0.00000000
6.27437797 -9.56621026 0.00000000
6.72723088 -9.11419649 0.00000000
7.07991675 -8.61218523 0.00000000
7.32396610 -8.09187078 0.00000000
7.46114706 -7.58594254 0.00000000
7.50326335 -7.12484616 0.00000000
7.47095284 -6.73376899 0.00000000
7.39160624 -6.43015045 0.00000000
7.29661351 -6.22196525 0.00000000
7.21821236 -6.10695063 0.00000000
7.18625296 -6.07285459 0.00000000
7.13381371 -6.01066765 0.00000000
7.02507489 -5.79979536 0.00000000
6.94013291 -5.43557944 0.00000000
6.95023013 -4.95525520 0.00000000
7.09751673 -4.42746890 0.00000000
7.38305891 -3.93289534 0.00000000
7.76649195 -3.54144826 0.00000000
8.17741633 -3.29254169 0.00000000
8.53530757 -3.18399564 0.00000000
8.77229773 -3.17273008 0.00000000
8.85237283 -3.18705032 0.00000000
