32.76972416 -3.24609925 0.00000000
32.81315757 -3.24599424 0.00000000
32.94132071 -3.22829436 0.00000000
33.14540726 -3.16838025 0.00000000
33.40983539 -3.04525024 0.00000000
33.71359002 -2.84333173 0.00000000
34.03203304 -2.55382490 0.00000000
34.33902580 -2.17546287 0.00000000
34.60918077 -1.71462300 0.00000000
34.82004860 -1.18477956 0.00000000
34.95405200 -0.60534506 0.00000000
35.00000000 0.00000000 0.00000000
34.95405200 0.60534506 0.00000000
34.82004860 1.18477956 0.00000000
34.60918077 1.71462300 0.00000000
34.33902580 2.17546287 0.00000000
34.03203304 2.55382490 0.00000000
33.71359002 2.84333173 0.00000000
33.40983539 3.04525024 0.00000000
33.14540726 3.16838025 0.00000000
32.94132071 3.22829436 0.00000000
32.81315757 3.24599424 0.00000000
32.76972416 3.24609925 0.00000000
32.68522537 3.25332225 0.00000000
32.45127233 3.33351714 0.00000000
32.12946909 3.55355785 0.00000000
31.80759327 3.93720695 0.00000000
31.57259969 4.45779927 0.00000000
31.48387707 5.04643537 0.00000000
31.55498327 5.61316481 0.00000000
31.74947649 6.07464402 0.00000000
31.99212478 6.37976211 0.00000000
32.19204608 6.52535303 0.00000000
32.27066181 6.55716159 0.00000000
32.31213464 6.57006416 0.00000000
32.42938673 6.62475443 0.00000000
32.60674629 6.74216229 0.00000000
32.82313341 6.93776354 0.00000000
33.05387655 7.22024463 0.00000000
33.27283840 7.59075221 0.00000000
33.45466817 8.04279238 0.00000000
33.57698598 8.56278800 0.00000000
33.62231144 9.13124637 0.00000000
33.57957013 9.72443642 0.00000000
33.44504820 10.31643110 0.00000000
33.22271295 10.88133897 0.00000000
32.92387163 11.39553263 0.00000000
32.56619798 11.83968223 0.00000000
32.17221029 12.20041870 0.00000000
31.76733220 12.47148346 0.00000000
31.37770307 12.65426558 0.00000000
31.02792688 12.75768017 0.00000000
30.73895334 12.79739831 0.00000000
30.52627379 12.79449503 0.00000000
30.39858745 12.77363180 0.00000000
30.35705271 12.76092993 0.00000000
30.27417895 12.74292558 0.00000000
30.02698193 12.75059876 0.00000000
29.65461736 12.86601051 0.00000000
29.23395903 13.13774060 0.00000000
28.85595827 13.56593889 0.00000000
28.59767382 14.10227208 0.00000000
28.49857453 14.66478224 0.00000000
28.54840357 15.16308711 0.00000000
28.69033654 15.52617150 0.00000000
28.83846223 15.72422206 0.00000000
28.90420954 15.77778985 0.00000000
28.94003675 15.80234353 0.00000000
29.03595942 15.88916472 0.00000000
29.17083282 16.05363413 0.00000000
29.31995199 16.30432659 0.00000000
29.45718109 16.64227056 0.00000000
29.55720606 17.06085768 0.00000000
29.59771646 17.54641023 0.00000000
29.56132863 18.07935771 0.00000000
29.43708437 18.63592098 0.00000000
29.22139609 19.19015904 0.00000000
28.91835710 19.71620203 0.00000000
28.53939007 20.19047816 0.00000000
28.10226418 20.59374261 0.00000000
27.62956557 20.91273373 0.00000000
27.14675272 21.14131379 0.00000000
26.67996448 21.28099598 0.00000000
26.25376950 21.34081241 0.00000000
25.88905090 21.33653424 0.00000000
25.60120852 21.28931136 0.00000000
25.39883348 21.22384867 0.00000000
25.28296943 21.16627612 0.00000000
25.24702390 21.14189598 0.00000000
25.17313887 21.10026404 0.00000000
24.93466241 21.03473373 0.00000000
24.54482275 21.03526167 0.00000000
24.06275923 21.17092834 0.00000000
23.57533832 21.46868530 0.00000000
23.17044174 21.90506004 0.00000000
22.90994238 22.41336942 0.00000000
22.81067972 22.90422337 0.00000000
22.83928600 23.29301242 0.00000000
22.92245445 23.52592496 0.00000000
22.96949141 23.59649224 0.00000000
22.99648959 23.63051532 0.00000000
23.06255969 23.74175300 0.00000000
23.14296283 23.93867012 0.00000000
23.21156416 24.22217867 0.00000000
23.24308582 24.58555773 0.00000000
23.21528624 25.01503107 0.00000000
23.11087776 25.49095253 0.00000000
22.91901751 25.98949715 0.00000000
22.63624316 26.48471224 0.00000000
22.26677278 26.95075182 0.00000000
21.82214307 27.36410189 0.00000000
21.32021713 27.70560476 0.00000000
20.78364724 27.96210819 0.00000000
20.23792502 28.12759707 0.00000000
19.70918703 28.20371036 0.00000000
19.22196483 28.19959862 0.00000000
18.79707330 28.13113440 0.00000000
18.44981914 28.01954360 0.00000000
18.18868397 27.88957567 0.00000000
18.01459536 27.76737022 0.00000000
17.92084862 27.67820393 0.00000000
17.89368623 27.64431180 0.00000000
17.83535493 27.58275145 0.00000000
17.62678871 27.44984029 0.00000000
17.25411292 27.33543753 0.00000000
16.75347768 27.32298619 0.00000000
16.19994611 27.46384481 0.00000000
15.68441423 27.76148728 0.00000000
15.28566130 28.17043037 0.00000000
15.04612686 28.61021887 0.00000000
14.95886467 28.99016696 0.00000000
14.96968600 29.23724618 0.00000000
14.99383317 29.31854274 0.00000000
15.00960342 29.35901213 0.00000000
15.03995033 29.48478233 0.00000000
15.05873904 29.69665022 0.00000000
15.04072699 29.98778387 0.00000000
14.96374038 30.34431019 0.00000000
14.81058637 30.74650917 0.00000000
14.57053614 31.17051184 0.00000000
14.24025110 31.59035572 0.00000000
13.82407241 31.98022059 0.00000000
13.33364899 32.31665203 0.00000000
12.78693585 32.58058120 0.00000000
12.20664934 32.75896680 0.00000000
11.61831203 32.84591774 0.00000000
11.04805601 32.84319997 0.00000000
10.52037358 32.76008351 0.00000000
10.05600926 32.61254318 0.00000000
9.67017465 32.42188165 0.00000000
9.37123998 32.21289356 0.00000000
9.16001504 32.01172879 0.00000000
9.02968138 31.84363907 0.00000000
8.96638178 31.73080185 0.00000000
8.95041601 31.69040919 0.00000000
8.91282144 31.61439035 0.00000000
8.75269748 31.42590809 0.00000000
8.43029944 31.20673980 0.00000000
7.95557611 31.04727681 0.00000000
7.38511759 31.01872118 0.00000000
6.80475769 31.15118454 0.00000000
6.30318215 31.42442495 0.00000000
5.94465961 31.77407087 0.00000000
5.74928256 32.11141794 0.00000000
5.68679525 32.35070977 0.00000000
5.68590705 32.43551206 0.00000000
5.68904811 32.47883187 0.00000000
5.68097538 32.60795936 0.00000000
5.63648021 32.81595263 0.00000000
5.53345523 33.08884288 0.00000000
5.35480093 33.40683754 0.00000000
5.08990090 33.74602500 0.00000000
4.73553845 34.08043438 0.00000000
4.29617589 34.38427255 0.00000000
3.78357217 34.63414599 0.00000000
3.21577197 34.81107589 0.00000000
2.61555328 34.90213290 0.00000000
2.00846719 34.90155087 0.00000000
1.42063881 34.81122337 0.00000000
0.87651875 34.64054042 0.00000000
0.39677877 34.40557947 0.00000000
-0.00346687 34.12772015 0.00000000
-0.31596146 33.83180243 0.00000000
-0.54001497 33.54398655 0.00000000
-0.68256143 33.28949933 0.00000000
-0.75755942 33.09046084 0.00000000
-0.78478744 32.96397878 0.00000000
-0.78813795 32.92067466 0.00000000
-0.80165535 32.83695193 0.00000000
-0.89910933 32.60964604 0.00000000
-1.14258315 32.30518629 0.00000000
-1.54921330 32.01288064 0.00000000
-2.08591103 31.81744806 0.00000000
-2.67953143 31.77296236 0.00000000
-3.23936241 31.88622147 0.00000000
-3.68501674 32.11465723 0.00000000
-3.97114853 32.37942853 0.00000000
-4.10139221 32.58967083 0.00000000
-4.12723686 32.67044379 0.00000000
-4.13700409 32.71276487 0.00000000
-4.18277917 32.83377610 0.00000000
-4.28660464 33.01941363 0.00000000
-4.46548832 33.24981299 0.00000000
-4.72993607 33.50102076 0.00000000
-5.08304460 33.74705842 0.00000000
-5.52023262 33.96216076 0.00000000
-6.02963340 34.12299587 0.00000000
-6.59311507 34.21067554 0.00000000
-7.18784050 34.21238288 0.00000000
-7.78823269 34.12247693 0.00000000
-8.36817609 33.94297899 0.00000000
-8.90326440 33.68339903 0.00000000
-9.37290106 33.35991684 0.00000000
-9.76207157 32.99398870 0.00000000
-10.06263495 32.61049942 0.00000000
-10.27402300 32.23561910 0.00000000
-10.40328723 31.89454914 0.00000000
-10.46448932 31.60935177 0.00000000
-10.47748773 31.39704995 0.00000000
-10.46622485 31.26816153 0.00000000
-10.45666239 31.22579372 0.00000000
-10.44490155 31.14180622 0.00000000
-10.47102633 30.89587384 0.00000000
-10.61394220 30.53317521 0.00000000
-10.91634832 30.13399953 0.00000000
-11.37159731 29.78905504 0.00000000
-11.92573243 29.57157303 0.00000000
-12.49407540 29.51478729 0.00000000
-12.98726318 29.60171537 0.00000000
-13.33872564 29.77038479 0.00000000
-13.52515297 29.93289662 0.00000000
-13.57365766 30.00246322 0.00000000
-13.59546532 30.04002515 0.00000000
-13.67487543 30.14216775 0.00000000
-13.82880584 30.28895483 0.00000000
-14.06765363 30.45639131 0.00000000
-14.39439750 30.61849127 0.00000000
-14.80433928 30.74951760 0.00000000
-15.28550679 30.82620012 0.00000000
-15.81968331 30.82974126 0.00000000
-16.38397510 30.74743643 0.00000000
-16.95278180 30.57376952 0.00000000
-17.50000000 30.31088913 0.00000000
-18.00127020 29.96842447 0.00000000
-18.43607350 29.56265687 0.00000000
-18.78949747 29.11511825 0.00000000
-19.05351901 28.65073725 0.00000000
-19.22769376 28.19569271 0.00000000
-19.31919252 27.77515954 0.00000000
-19.34218176 27.41114107 0.00000000
-19.31660142 27.12057458 0.00000000
-19.26644528 26.91387339 0.00000000
-19.21769225 26.79403091 0.00000000
-19.19606649 26.75636397 0.00000000
-19.16007240 26.67957437 0.00000000
-19.11254669 26.43686766 0.00000000
-19.14220592 26.04815752 0.00000000
-19.31351788 25.57758033 0.00000000
-19.64686726 25.11377376 0.00000000
-20.11227977 24.74261967 0.00000000
-20.63863496 24.52083473 0.00000000
-21.13553429 24.45853119 0.00000000
-21.52109845 24.51611172 0.00000000
-21.74714453 24.61645319 0.00000000
-21.81399942 24.66863213 0.00000000
-21.84590979 24.69809737 0.00000000
-21.95189900 24.77229552 0.00000000
-22.14225696 24.86718948 0.00000000
-22.41984618 24.95678559 0.00000000
-22.77985354 25.01537447 0.00000000
-23.21020345 25.01974721 0.00000000
-23.69259660 24.95119632 0.00000000
-24.20408493 24.79712884 0.00000000
-24.71904704 24.55215266 0.00000000
-25.21139404 24.21854257 0.00000000
-25.65681551 23.80604582 0.00000000
-26.03487245 23.33104391 0.00000000
-26.33075656 22.81514291 0.00000000
-26.53656457 22.28331364 0.00000000
-26.65197768 21.76174206 0.00000000
-26.68428760 21.27557496 0.00000000
-26.64776699 20.84675518 0.00000000
-26.56243856 20.49213282 0.00000000
-26.45234871 20.22201533 0.00000000
-26.34349462 20.03928107 0.00000000
-26.26158336 19.93913307 0.00000000
-26.22981585 19.90951386 0.00000000
-26.17278674 19.84674526 0.00000000
-26.05583340 19.62882977 0.00000000
-25.96960063 19.24864672 0.00000000
-25.99459662 18.74848087 0.00000000
-26.17642684 18.20702347 0.00000000
-26.51176278 17.71517597 0.00000000
-26.94936123 17.34809839 0.00000000
-27.40582043 17.14209918 0.00000000
-27.79122722 17.08347454 0.00000000
-28.03680687 17.11272986 0.00000000
-28.11607159 17.14288482 0.00000000
-28.15524931 17.16163525 0.00000000
-28.27840000 17.20129612 0.00000000
-28.48827138 17.23586521 0.00000000
-28.77993701 17.23965996 0.00000000
-29.14121963 17.18953186 0.00000000
-29.55373919 17.06686247 0.00000000
-29.99449524 16.85916923 0.00000000
-30.43784738 16.56118271 0.00000000
-30.85772318 16.17530238 0.00000000
-31.22986328 15.71139183 0.00000000
-31.53391038 15.18593087 0.00000000
-31.75516203 14.62059773 0.00000000
-31.88583635 14.04040338 0.00000000
-31.92574146 13.47153881 0.00000000
-31.88229117 12.93912059 0.00000000
-31.76986538 12.46502902 0.00000000
-31.60857043 12.06602513 0.00000000
-31.42250613 11.75230864 0.00000000
-31.23768873 11.52664127 0.00000000
-31.07980886 11.38411069 0.00000000
-30.97201754 11.31255575 0.00000000
-30.93293096 11.29361608 0.00000000
-30.85993412 11.25044573 0.00000000
-30.68394497 11.07668422 0.00000000
-30.48948236 10.73880919 0.00000000
-30.36594138 10.25349661 0.00000000
-30.38009602 9.68249924 0.00000000
-30.55555933 9.11366115 0.00000000
-30.86551849 8.63390739 0.00000000
-31.24097915 8.30251643 0.00000000
-31.59198348 8.13289567 0.00000000
-31.83527589 8.08846539 0.00000000
-31.91990743 8.09391696 0.00000000
-31.96287137 8.10028653 0.00000000
-32.09224107 8.10188607 0.00000000
-32.30297787 8.07305867 0.00000000
-32.58280414 7.99071489 0.00000000
-32.91326047 7.83632392 0.00000000
-33.27129550 7.59751211 0.00000000
-33.63125134 7.26913097 0.00000000
-33.96707352 6.85370282 0.00000000
-34.25455519 6.36120550 0.00000000
-34.47342212 5.80821498 0.00000000
-34.60907892 5.21647932 0.00000000
-34.65386612 4.61104727 0.00000000
-34.60771965 4.01811240 0.00000000
-34.47817612 3.46275865 0.00000000
-34.27972317 2.96680147 0.00000000
-34.03255120 2.54691054 0.00000000
-33.76081368 2.21317579 0.00000000
-33.49054613 1.96824027 0.00000000
-33.24742302 1.80707455 0.00000000
-33.05454569 1.71741211 0.00000000
-32.93045204 1.68080820 0.00000000
-32.88751940 1.67423094 0.00000000
-32.80504093 1.65449473 0.00000000
-32.58565338 1.54032667 0.00000000
-32.30023978 1.27478134 0.00000000
-32.03913898 0.84744418 0.00000000
-31.88436034 0.29764247 0.00000000
-31.88436034 -0.29764247 0.00000000
-32.03913898 -0.84744418 0.00000000
-32.30023978 -1.27478134 0.00000000
-32.58565338 -1.54032667 0.00000000
-32.80504093 -1.65449473 0.00000000
-32.88751940 -1.67423094 0.00000000
-32.93045204 -1.68080820 0.00000000
-33.05454569 -1.71741211 0.00000000
-33.24742302 -1.80707455 0.00000000
-33.49054613 -1.96824027 0.00000000
-33.76081368 -2.21317579 0.00000000
-34.03255120 -2.54691054 0.00000000
-34.27972317 -2.96680147 0.00000000
-34.47817612 -3.46275865 0.00000000
-34.60771965 -4.01811240 0.00000000
-34.65386612 -4.61104727 0.00000000
-34.60907892 -5.21647932 0.00000000
-34.47342212 -5.80821498 0.00000000
-34.25455519 -6.36120550 0.00000000
-33.96707352 -6.85370282 0.00000000
-33.63125134 -7.26913097 0.00000000
-33.27129550 -7.59751211 0.00000000
-32.91326047 -7.83632392 0.00000000
-32.58280414 -7.99071489 0.00000000
-32.30297787 -8.07305867 0.00000000
-32.09224107 -8.10188607 0.00000000
-31.96287137 -8.10028653 0.00000000
-31.91990743 -8.09391696 0.00000000
-31.83527589 -8.08846539 0.00000000
-31.59198348 -8.13289567 0.00000000
-31.24097915 -8.30251643 0.00000000
-30.86551849 -8.63390739 0.00000000
-30.55555933 -9.11366115 0.00000000
-30.38009602 -9.68249924 0.00000000
-30.36594138 -10.25349661 0.00000000
-30.48948236 -10.73880919 0.00000000
-30.68394497 -11.07668422 0.00000000
-30.85993412 -11.25044573 0.00000000
-30.93293096 -11.29361608 0.00000000
-30.97201754 -11.31255575 0.00000000
-31.07980886 -11.38411069 0.00000000
-31.23768873 -11.52664127 0.00000000
-31.42250613 -11.75230864 0.00000000
-31.60857043 -12.06602513 0.00000000
-31.76986538 -12.46502902 0.00000000
-31.88229117 -12.93912059 0.00000000
-31.92574146 -13.47153881 0.00000000
-31.88583635 -14.04040338 0.00000000
-31.75516203 -14.62059773 0.00000000
-31.53391038 -15.18593087 0.00000000
-31.22986328 -15.71139183 0.00000000
-30.85772318 -16.17530238 0.00000000
-30.43784738 -16.56118271 0.00000000
-29.99449524 -16.85916923 0.00000000
-29.55373919 -17.06686247 0.00000000
-29.14121963 -17.18953186 0.00000000
-28.77993701 -17.23965996 0.00000000
-28.48827138 -17.23586521 0.00000000
-28.27840000 -17.20129612 0.00000000
-28.15524931 -17.16163525 0.00000000
-28.11607159 -17.14288482 0.00000000
-28.03680687 -17.11272986 0.00000000
-27.79122722 -17.08347454 0.00000000
-27.40582043 -17.14209918 0.00000000
-26.94936123 -17.34809839 0.00000000
-26.51176278 -17.71517597 0.00000000
-26.17642684 -18.20702347 0.00000000
-25.99459662 -18.74848087 0.00000000
-25.96960063 -19.24864672 0.00000000
-26.05583340 -19.62882977 0.00000000
-26.17278674 -19.84674526 0.00000000
-26.22981585 -19.90951386 0.00000000
-26.26158336 -19.93913307 0.00000000
-26.34349462 -20.03928107 0.00000000
-26.45234871 -20.22201533 0.00000000
-26.56243856 -20.49213282 0.00000000
-26.64776699 -20.84675518 0.00000000
-26.68428760 -21.27557496 0.00000000
-26.65197768 -21.76174206 0.00000000
-26.53656457 -22.28331364 0.00000000
-26.33075656 -22.81514291 0.00000000
-26.03487245 -23.33104391 0.00000000
-25.65681551 -23.80604582 0.00000000
-25.21139404 -24.21854257 0.00000000
-24.71904704 -24.55215266 0.00000000
-24.20408493 -24.79712884 0.00000000
-23.69259660 -24.95119632 0.00000000
-23.21020345 -25.01974721 0.00000000
-22.77985354 -25.01537447 0.00000000
-22.41984618 -24.95678559 0.00000000
-22.14225696 -24.86718948 0.00000000
-21.95189900 -24.77229552 0.00000000
-21.84590979 -24.69809737 0.00000000
-21.81399942 -24.66863213 0.00000000
-21.74714453 -24.61645319 0.00000000
-21.52109845 -24.51611172 0.00000000
-21.13553429 -24.45853119 0.00000000
-20.63863496 -24.52083473 0.00000000
-20.11227977 -24.74261967 0.00000000
-19.64686726 -25.11377376 0.00000000
-19.31351788 -25.57758033 0.00000000
-19.14220592 -26.04815752 0.00000000
-19.11254669 -26.43686766 0.00000000
-19.16007240 -26.67957437 0.00000000
-19.19606649 -26.75636397 0.00000000
-19.21769225 -26.79403091 0.00000000
-19.26644528 -26.91387339 0.00000000
-19.31660142 -27.12057458 0.00000000
-19.34218176 -27.41114107 0.00000000
-19.31919252 -27.77515954 0.00000000
-19.22769376 -28.19569271 0.00000000
-19.05351901 -28.65073725 0.00000000
-18.78949747 -29.11511825 0.00000000
-18.43607350 -29.56265687 0.00000000
-18.00127020 -29.96842447 0.00000000
-17.50000000 -30.31088913 0.00000000
-16.95278180 -30.57376952 0.00000000
-16.38397510 -30.74743643 0.00000000
-15.81968331 -30.82974126 0.00000000
-15.28550679 -30.82620012 0.00000000
-14.80433928 -30.74951760 0.00000000
-14.39439750 -30.61849127 0.00000000
-14.06765363 -30.45639131 0.00000000
-13.82880584 -30.28895483 0.00000000
-13.67487543 -30.14216775 0.00000000
-13.59546532 -30.04002515 0.00000000
-13.57365766 -30.00246322 0.00000000
-13.52515297 -29.93289662 0.00000000
-13.33872564 -29.77038479 0.00000000
-12.98726318 -29.60171537 0.00000000
-12.49407540 -29.51478729 0.00000000
-11.92573243 -29.57157303 0.00000000
-11.37159731 -29.78905504 0.00000000
-10.91634832 -30.13399953 0.00000000
-10.61394220 -30.53317521 0.00000000
-10.47102633 -30.89587384 0.00000000
-10.44490155 -31.14180622 0.00000000
-10.45666239 -31.22579372 0.00000000
-10.46622485 -31.26816153 0.00000000
-10.47748773 -31.39704995 0.00000000
-10.46448932 -31.60935177 0.00000000
-10.40328723 -31.89454914 0.00000000
-10.27402300 -32.23561910 0.00000000
-10.06263495 -32.61049942 0.00000000
-9.76207157 -32.99398870 0.00000000
-9.37290106 -33.35991684 0.00000000
-8.90326440 -33.68339903 0.00000000
-8.36817609 -33.94297899 0.00000000
-7.78823269 -34.12247693 0.00000000
-7.18784050 -34.21238288 0.00000000
-6.59311507 -34.21067554 0.00000000
-6.02963340 -34.12299587 0.00000000
-5.52023262 -33.96216076 0.00000000
-5.08304460 -33.74705842 0.00000000
-4.72993607 -33.50102076 0.00000000
-4.46548832 -33.24981299 0.00000000
-4.28660464 -33.01941363 0.00000000
-4.18277917 -32.83377610 0.00000000
-4.13700409 -32.71276487 0.00000000
-4.12723686 -32.67044379 0.00000000
-4.10139221 -32.58967083 0.00000000
-3.97114853 -32.37942853 0.00000000
-3.68501674 -32.11465723 0.00000000
-3.23936241 -31.88622147 0.00000000
-2.67953143 -31.77296236 0.00000000
-2.08591103 -31.81744806 0.00000000
-1.54921330 -32.01288064 0.00000000
-1.14258315 -32.30518629 0.00000000
-0.89910933 -32.60964604 0.00000000
-0.80165535 -32.83695193 0.00000000
-0.78813795 -32.92067466 0.00000000
-0.78478744 -32.96397878 0.00000000
-0.75755942 -33.09046084 0.00000000
-0.68256143 -33.28949933 0.00000000
-0.54001497 -33.54398655 0.00000000
-0.31596146 -33.83180243 0.00000000
-0.00346687 -34.12772015 0.00000000
0.39677877 -34.40557947 0.00000000
0.87651875 -34.64054042 0.00000000
1.42063881 -34.81122337 0.00000000
2.00846719 -34.90155087 0.00000000
2.61555328 -34.90213290 0.00000000
3.21577197 -34.81107589 0.00000000
3.78357217 -34.63414599 0.00000000
4.29617589 -34.38427255 0.00000000
4.73553845 -34.08043438 0.00000000
5.08990090 -33.74602500 0.00000000
5.35480093 -33.40683754 0.00000000
5.53345523 -33.08884288 0.00000000
5.63648021 -32.81595263 0.00000000
5.68097538 -32.60795936 0.00000000
5.68904811 -32.47883187 0.00000000
5.68590705 -32.43551206 0.00000000
5.68679525 -32.35070977 0.00000000
5.74928256 -32.11141794 0.00000000
5.94465961 -31.77407087 0.00000000
6.30318215 -31.42442495 0.00000000
6.80475769 -31.15118454 0.00000000
7.38511759 -31.01872118 0.00000000
7.95557611 -31.04727681 0.00000000
8.43029944 -31.20673980 0.00000000
8.75269748 -31.42590809 0.00000000
8.91282144 -31.61439035 0.00000000
8.95041601 -31.69040919 0.00000000
8.96638178 -31.73080185 0.00000000
9.02968138 -31.84363907 0.00000000
9.16001504 -32.01172879 0.00000000
9.37123998 -32.21289356 0.00000000
9.67017465 -32.42188165 0.00000000
10.05600926 -32.61254318 0.00000000
10.52037358 -32.76008351 0.00000000
11.04805601 -32.84319997 0.00000000
11.61831203 -32.84591774 0.00000000
12.20664934 -32.75896680 0.00000000
12.78693585 -32.58058120 0.00000000
13.33364899 -32.31665203 0.00000000
13.82407241 -31.98022059 0.00000000
14.24025110 -31.59035572 0.00000000
14.57053614 -31.17051184 0.00000000
14.81058637 -30.74650917 0.00000000
14.96374038 -30.34431019 0.00000000
15.04072699 -29.98778387 0.00000000
15.05873904 -29.69665022 0.00000000
15.03995033 -29.48478233 0.00000000
15.00960342 -29.35901213 0.00000000
14.99383317 -29.31854274 0.00000000
14.96968600 -29.23724618 0.00000000
14.95886467 -28.99016696 0.00000000
15.04612686 -28.61021887 0.00000000
15.28566130 -28.17043037 0.00000000
15.68441423 -27.76148728 0.00000000
16.19994611 -27.46384481 0.00000000
16.75347768 -27.32298619 0.00000000
17.25411292 -27.33543753 0.00000000
17.62678871 -27.44984029 0.00000000
17.83535493 -27.58275145 0.00000000
17.89368623 -27.64431180 0.00000000
17.92084862 -27.67820393 0.00000000
18.01459536 -27.76737022 0.00000000
18.18868397 -27.88957567 0.00000000
18.44981914 -28.01954360 0.00000000
18.79707330 -28.13113440 0.00000000
19.22196483 -28.19959862 0.00000000
19.70918703 -28.20371036 0.00000000
20.23792502 -28.12759707 0.00000000
20.78364724 -27.96210819 0.00000000
21.32021713 -27.70560476 0.00000000
21.82214307 -27.36410189 0.00000000
22.26677278 -26.95075182 0.00000000
22.63624316 -26.48471224 0.00000000
22.91901751 -25.98949715 0.00000000
23.11087776 -25.49095253 0.00000000
23.21528624 -25.01503107 0.00000000
23.24308582 -24.58555773 0.00000000
23.21156416 -24.22217867 0.00000000
23.14296283 -23.93867012 0.00000000
23.06255969 -23.74175300 0.00000000
22.99648959 -23.63051532 0.00000000
22.96949141 -23.59649224 0.00000000
22.92245445 -23.52592496 0.00000000
22.83928600 -23.29301242 0.00000000
22.81067972 -22.90422337 0.00000000
22.90994238 -22.41336942 0.00000000
23.17044174 -21.90506004 0.00000000
23.57533832 -21.46868530 0.00000000
24.06275923 -21.17092834 0.00000000
24.54482275 -21.03526167 0.00000000
24.93466241 -21.03473373 0.00000000
25.17313887 -21.10026404 0.00000000
25.24702390 -21.14189598 0.00000000
25.28296943 -21.16627612 0.00000000
25.39883348 -21.22384867 0.00000000
25.60120852 -21.28931136 0.00000000
25.88905090 -21.33653424 0.00000000
26.25376950 -21.34081241 0.00000000
26.67996448 -21.28099598 0.00000000
27.14675272 -21.14131379 0.00000000
27.62956557 -20.91273373 0.00000000
28.10226418 -20.59374261 0.00000000
28.53939007 -20.19047816 0.00000000
28.91835710 -19.71620203 0.00000000
29.22139609 -19.19015904 0.00000000
29.43708437 -18.63592098 0.00000000
29.56132863 -18.07935771 0.00000000
29.59771646 -17.54641023 0.00000000
29.55720606 -17.06085768 0.00000000
29.45718109 -16.64227056 0.00000000
29.31995199 -16.30432659 0.00000000
29.17083282 -16.05363413 0.00000000
29.03595942 -15.88916472 0.00000000
28.94003675 -15.80234353 0.00000000
28.90420954 -15.77778985 0.00000000
28.83846223 -15.72422206 0.00000000
28.69033654 -15.52617150 0.00000000
28.54840357 -15.16308711 0.00000000
28.49857453 -14.66478224 0.00000000
28.59767382 -14.10227208 0.00000000
28.85595827 -13.56593889 0.00000000
29.23395903 -13.13774060 0.00000000
29.65461736 -12.86601051 0.00000000
30.02698193 -12.75059876 0.00000000
30.27417895 -12.74292558 0.00000000
30.35705271 -12.76092993 0.00000000
30.39858745 -12.77363180 0.00000000
30.52627379 -12.79449503 0.00000000
30.73895334 -12.79739831 0.00000000
31.02792688 -12.75768017 0.00000000
31.37770307 -12.65426558 0.00000000
31.76733220 -12.47148346 0.00000000
32.17221029 -12.20041870 0.00000000
32.56619798 -11.83968223 0.00000000
32.92387163 -11.39553263 0.00000000
33.22271295 -10.88133897 0.00000000
33.44504820 -10.31643110 0.00000000
33.57957013 -9.72443642 0.00000000
33.62231144 -9.13124637 0.00000000
33.57698598 -8.56278800 0.00000000
33.45466817 -8.04279238 0.00000000
33.27283840 -7.59075221 0.00000000
33.05387655 -7.22024463 0.00000000
32.82313341 -6.93776354 0.00000000
32.60674629 -6.74216229 0.00000000
32.42938673 -6.62475443 0.00000000
32.31213464 -6.57006416 0.00000000
32.27066181 -6.55716159 0.00000000
32.19204608 -6.52535303 0.00000000
31.99212478 -6.37976211 0.00000000
31.74947649 -6.07464402 0.00000000
31.55498327 -5.61316481 0.00000000
31.48387707 -5.04643537 0.00000000
31.57259969 -4.45779927 0.00000000
31.80759327 -3.93720695 0.00000000
32.12946909 -3.55355785 0.00000000
32.45127233 -3.33351714 0.00000000
32.68522537 -3.25332225 0.00000000
32.76972416 -3.24609925 0.00000000
