13.74002484 3.22269373 0.00000000
13.82111487 3.26036781 0.00000000
14.01928968 3.42974371 0.00000000
14.23895797 3.77702081 0.00000000
14.37495722 4.28706810 0.00000000
14.34845079 4.88853904 0.00000000
14.13384332 5.47816822 0.00000000
13.76753035 5.95595969 0.00000000
13.33549680 6.25925995 0.00000000
12.94399572 6.38408959 0.00000000
12.68331228 6.38645475 0.00000000
12.59697728 6.36319110 0.00000000
12.56082608 6.34847713 0.00000000
12.44902304 6.31653398 0.00000000
12.26028102 6.28622614 0.00000000
11.99832397 6.27611061 0.00000000
11.67163181 6.30313741 0.00000000
11.29285417 6.38146220 0.00000000
10.87793396 6.52145350 0.00000000
10.44500181 6.72896373 0.00000000
10.01311825 7.00491486 0.00000000
9.60095128 7.34522745 0.00000000
9.22548147 7.74109810 0.00000000
8.90082464 8.17960589 0.00000000
8.63725420 8.64460578 0.00000000
8.44049118 9.11784648 0.00000000
8.31131138 9.58023518 0.00000000
8.24549700 10.01316105 0.00000000
8.23413618 10.39978517 0.00000000
8.26424948 10.72620730 0.00000000
8.31969970 10.98242809 0.00000000
8.38232180 11.16303980 0.00000000
8.43319406 11.26759742 0.00000000
8.45396208 11.30064435 0.00000000
8.49186422 11.38162804 0.00000000
8.53480219 11.63876181 0.00000000
8.47985245 12.04599155 0.00000000
8.25618184 12.52412908 0.00000000
7.84925867 12.96784455 0.00000000
7.30585348 13.28157969 0.00000000
6.71812303 13.41212775 0.00000000
6.19220848 13.36676342 0.00000000
5.81206230 13.21073642 0.00000000
5.61084691 13.04498416 0.00000000
5.55966405 12.97166809 0.00000000
5.54142858 12.93715900 0.00000000
5.47631515 12.84082352 0.00000000
5.35121187 12.69628533 0.00000000
5.15704327 12.52015364 0.00000000
4.88941006 12.33086370 0.00000000
4.54890335 12.14739040 0.00000000
4.14107136 11.98792438 0.00000000
3.67604109 11.86860302 0.00000000
3.16782111 11.80238445 0.00000000
2.63333418 11.79814320 0.00000000
2.09124687 11.86005036 0.00000000
1.56067793 11.98728143 0.00000000
1.05987510 12.17407220 0.00000000
0.60495262 12.41011878 0.00000000
0.20877742 12.68129390 0.00000000
-0.11991870 12.97062969 0.00000000
-0.37713879 13.25949836 0.00000000
-0.56389076 13.52890867 0.00000000
-0.68610898 13.76082789 0.00000000
-0.75423263 13.93943720 0.00000000
-0.78247057 14.05223304 0.00000000
-0.78780350 14.09089788 0.00000000
-0.81082409 14.17729801 0.00000000
-0.94321409 14.40187391 0.00000000
-1.24707027 14.67850898 0.00000000
-1.72575278 14.90101088 0.00000000
-2.32268881 14.97935148 0.00000000
-2.94062640 14.87039241 0.00000000
-3.47476873 14.59261218 0.00000000
-3.84848301 14.21980972 0.00000000
-4.03939966 13.85593286 0.00000000
-4.08699609 13.59962050 0.00000000
-4.07907778 13.51055742 0.00000000
-4.07086494 13.47240039 0.00000000
-4.05882147 13.35674902 0.00000000
-4.06174878 13.16561151 0.00000000
-4.09727529 12.90587764 0.00000000
-4.18062100 12.58884182 0.00000000
-4.32352991 12.22941962 0.00000000
-4.53344456 11.84511222 0.00000000
-4.81298012 11.45479105 0.00000000
-5.15973473 11.07738718 0.00000000
-5.56644925 10.73057662 0.00000000
-6.02150538 10.42955325 0.00000000
-6.50972732 10.18597477 0.00000000
-7.01343135 10.00715494 0.00000000
-7.51364999 9.89555858 0.00000000
-7.99144581 9.84863426 0.00000000
-8.42922311 9.85899654 0.00000000
-8.81194633 9.91494490 0.00000000
-9.12818025 10.00128331 0.00000000
-9.37087963 10.10038339 0.00000000
-9.53787323 10.19341701 0.00000000
-9.63200852 10.26167265 0.00000000
-9.66094706 10.28786369 0.00000000
-9.73411879 10.33925269 0.00000000
-9.97989002 10.42618915 0.00000000
-10.39047495 10.44278892 0.00000000
-10.90018849 10.30554408 0.00000000
-11.40782439 9.98185337 0.00000000
-11.81115451 9.50118326 0.00000000
-12.04177757 8.94505119 0.00000000
-12.08842653 8.41924902 0.00000000
-12.00078162 8.01778432 0.00000000
-11.87248819 7.79084326 0.00000000
-11.80917378 7.72770678 0.00000000
-11.77835551 7.70375591 0.00000000
-11.69479041 7.62290322 0.00000000
-11.57417204 7.47460175 0.00000000
-11.43443321 7.25279806 0.00000000
-11.29449303 6.95636095 0.00000000
-11.17293546 6.58916749 0.00000000
-11.08671138 6.15984040 0.00000000
-11.04995444 5.68115505 0.00000000
-11.07299334 5.16915734 0.00000000
-11.16162921 4.64205398 0.00000000
-11.31672834 4.11895226 0.00000000
-11.53415881 3.61853730 0.00000000
-11.80507531 3.15777866 0.00000000
-12.11653227 2.75075655 0.00000000
-12.45238273 2.40768920 0.00000000
-12.79440035 2.13422934 0.00000000
-13.12354625 1.93107853 0.00000000
-13.42129275 1.79394634 0.00000000
-13.67091157 1.71385725 0.00000000
-13.85863695 1.67778372 0.00000000
-13.97462264 1.66956158 0.00000000
-14.01362612 1.67102375 0.00000000
-14.10271112 1.66335612 0.00000000
-14.34686449 1.57197461 0.00000000
-14.67206093 1.32077186 0.00000000
-14.97430487 0.88799867 0.00000000
-15.15511215 0.31373514 0.00000000
-15.15511215 -0.31373514 0.00000000
-14.97430487 -0.88799867 0.00000000
-14.67206093 -1.32077186 0.00000000
-14.34686449 -1.57197461 0.00000000
-14.10271112 -1.66335612 0.00000000
-14.01362612 -1.67102375 0.00000000
-13.97462264 -1.66956158 0.00000000
-13.85863695 -1.67778372 0.00000000
-13.67091157 -1.71385725 0.00000000
-13.42129275 -1.79394634 0.00000000
-13.12354625 -1.93107853 0.00000000
-12.79440035 -2.13422934 0.00000000
-12.45238273 -2.40768920 0.00000000
-12.11653227 -2.75075655 0.00000000
-11.80507531 -3.15777866 0.00000000
-11.53415881 -3.61853730 0.00000000
-11.31672834 -4.11895226 0.00000000
-11.16162921 -4.64205398 0.00000000
-11.07299334 -5.16915734 0.00000000
-11.04995444 -5.68115505 0.00000000
-11.08671138 -6.15984040 0.00000000
-11.17293546 -6.58916749 0.00000000
-11.29449303 -6.95636095 0.00000000
-11.43443321 -7.25279806 0.00000000
-11.57417204 -7.47460175 0.00000000
-11.69479041 -7.62290322 0.00000000
-11.77835551 -7.70375591 0.00000000
-11.80917378 -7.72770678 0.00000000
-11.87248819 -7.79084326 0.00000000
-12.00078162 -8.01778432 0.00000000
-12.08842653 -8.41924902 0.00000000
-12.04177757 -8.94505119 0.00000000
-11.81115451 -9.50118326 0.00000000
-11.40782439 -9.98185337 0.00000000
-10.90018849 -10.30554408 0.00000000
-10.39047495 -10.44278892 0.00000000
-9.97989002 -10.42618915 0.00000000
-9.73411879 -10.33925269 0.00000000
-9.66094706 -10.28786369 0.00000000
-9.63200852 -10.26167265 0.00000000
-9.53787323 -10.19341701 0.00000000
-9.37087963 -10.10038339 0.00000000
-9.12818025 -10.00128331 0.00000000
-8.81194633 -9.91494490 0.00000000
-8.42922311 -9.85899654 0.00000000
-7.99144581 -9.84863426 0.00000000
-7.51364999 -9.89555858 0.00000000
-7.01343135 -10.00715494 0.00000000
-6.50972732 -10.18597477 0.00000000
-6.02150538 -10.42955325 0.00000000
-5.56644925 -10.73057662 0.00000000
-5.15973473 -11.07738718 0.00000000
-4.81298012 -11.45479105 0.00000000
-4.53344456 -11.84511222 0.00000000
-4.32352991 -12.22941962 0.00000000
-4.18062100 -12.58884182 0.00000000
-4.09727529 -12.90587764 0.00000000
-4.06174878 -13.16561151 0.00000000
-4.05882147 -13.35674902 0.00000000
-4.07086494 -13.47240039 0.00000000
-4.07907778 -13.51055742 0.00000000
-4.08699609 -13.59962050 0.00000000
-4.03939966 -13.85593286 0.00000000
-3.84848301 -14.21980972 0.00000000
-3.47476873 -14.59261218 0.00000000
-2.94062640 -14.87039241 0.00000000
-2.32268881 -14.97935148 0.00000000
-1.72575278 -14.90101088 0.00000000
-1.24707027 -14.67850898 0.00000000
-0.94321409 -14.40187391 0.00000000
-0.81082409 -14.17729801 0.00000000
-0.78780350 -14.09089788 0.00000000
-0.78247057 -14.05223304 0.00000000
-0.75423263 -13.93943720 0.00000000
-0.68610898 -13.76082789 0.00000000
-0.56389076 -13.52890867 0.00000000
-0.37713879 -13.25949836 0.00000000
-0.11991870 -12.97062969 0.00000000
0.20877742 -12.68129390 0.00000000
0.60495262 -12.41011878 0.00000000
1.05987510 -12.17407220 0.00000000
1.56067793 -11.98728143 0.00000000
2.09124687 -11.86005036 0.00000000
2.63333418 -11.79814320 0.00000000
3.16782111 -11.80238445 0.00000000
3.67604109 -11.86860302 0.00000000
4.14107136 -11.98792438 0.00000000
4.54890335 -12.14739040 0.00000000
4.88941006 -12.33086370 0.00000000
5.15704327 -12.52015364 0.00000000
5.35121187 -12.69628533 0.00000000
5.47631515 -12.84082352 0.00000000
5.54142858 -12.93715900 0.00000000
5.55966405 -12.97166809 0.00000000
5.61084691 -13.04498416 0.00000000
5.81206230 -13.21073642 0.00000000
6.19220848 -13.36676342 0.00000000
6.71812303 -13.41212775 0.00000000
7.30585348 -13.28157969 0.00000000
7.84925867 -12.96784455 0.00000000
8.25618184 -12.52412908 0.00000000
8.47985245 -12.04599155 0.00000000
8.53480219 -11.63876181 0.00000000
8.49186422 -11.38162804 0.00000000
8.45396208 -11.30064435 0.00000000
8.43319406 -11.26759742 0.00000000
8.38232180 -11.16303980 0.00000000
8.31969970 -10.98242809 0.00000000
8.26424948 -10.72620730 0.00000000
8.23413618 -10.39978517 0.00000000
8.24549700 -10.01316105 0.00000000
8.31131138 -9.58023518 0.00000000
8.44049118 -9.11784648 0.00000000
8.63725420 -8.64460578 0.00000000
8.90082464 -8.17960589 0.00000000
9.22548147 -7.74109810 0.00000000
9.60095128 -7.34522745 0.00000000
10.01311825 -7.00491486 0.00000000
10.44500181 -6.72896373 0.00000000
10.87793396 -6.52145350 0.00000000
11.29285417 -6.38146220 0.00000000
11.67163181 -6.30313741 0.00000000
11.99832397 -6.27611061 0.00000000
12.26028102 -6.28622614 0.00000000
12.44902304 -6.31653398 0.00000000
12.56082608 -6.34847713 0.00000000
12.59697728 -6.36319110 0.00000000
12.68331228 -6.38645475 0.00000000
12.94399572 -6.38408959 0.00000000
13.33549680 -6.25925995 0.00000000
13.76753035 -5.95595969 0.00000000
14.13384332 -5.47816822 0.00000000
14.34845079 -4.88853904 0.00000000
14.37495722 -4.28706810 0.00000000
14.23895797 -3.77702081 0.00000000
14.01928968 -3.42974371 0.00000000
13.82111487 -3.26036781 0.00000000
13.74002484 -3.22269373 0.00000000
13.70287346 -3.21072774 0.00000000
13.59669470 -3.16333201 0.00000000
13.43262842 -3.06522813 0.00000000
13.22545554 -2.90459433 0.00000000
12.99256732 -2.67389693 0.00000000
12.75275302 -2.37042308 0.00000000
12.52489037 -1.99647795 0.00000000
12.32663011 -1.55923248 0.00000000
12.17316607 -1.07023224 0.00000000
12.07617657 -0.54460185 0.00000000
12.04301075 -0.00000000 0.00000000
12.07617657 0.54460185 0.00000000
12.17316607 1.07023224 0.00000000
12.32663011 1.55923248 0.00000000
12.52489037 1.99647795 0.00000000
12.75275302 2.37042308 0.00000000
12.99256732 2.67389693 0.00000000
13.22545554 2.90459433 0.00000000
13.43262842 3.06522813 0.00000000
13.59669470 3.16333201 0.00000000
13.70287346 3.21072774 0.00000000
13.74002484 3.22269373 0.00000000
