20.33195830 0.00000000 0.00000000
20.32182463 0.64185044 0.00000000
20.29143373 1.28306106 0.00000000
20.24081588 1.92299271 0.00000000
20.17002154 2.56100747 0.00000000
20.07912129 3.19646937 0.00000000
19.96820574 3.82874495 0.00000000
19.83738544 4.45720396 0.00000000
19.68679081 5.08121993 0.00000000
19.51657195 5.70017083 0.00000000
19.32689856 6.31343968 0.00000000
19.11795969 6.92041515 0.00000000
18.88996362 7.52049220 0.00000000
18.64313762 8.11307266 0.00000000
18.37772774 8.69756583 0.00000000
18.09399854 9.27338909 0.00000000
17.79223285 9.83996842 0.00000000
17.47273148 10.39673906 0.00000000
17.13581290 10.94314601 0.00000000
16.78181298 11.47864459 0.00000000
16.41108458 12.00270100 0.00000000
16.02399725 12.51479287 0.00000000
15.62093685 13.01440971 0.00000000
15.20230517 13.50105351 0.00000000
14.76851949 13.97423917 0.00000000
14.32001224 14.43349500 0.00000000
13.85723048 14.87836321 0.00000000
13.38063554 15.30840034 0.00000000
12.89070249 15.72317772 0.00000000
12.38791970 16.12228190 0.00000000
11.87278837 16.50531504 0.00000000
11.34582198 16.87189532 0.00000000
10.80754584 17.22165733 0.00000000
10.25849649 17.55425242 0.00000000
9.69922125 17.86934905 0.00000000
9.13027762 18.16663312 0.00000000
8.55223273 18.44580830 0.00000000
7.96566279 18.70659629 0.00000000
7.37115250 18.94873714 0.00000000
6.76929448 19.17198948 0.00000000
6.16068869 19.37613076 0.00000000
5.54594179 19.56095749 0.00000000
4.92566657 19.72628544 0.00000000
4.30048134 19.87194979 0.00000000
3.67100930 19.99780536 0.00000000
3.03787791 20.10372667 0.00000000
2.40171831 20.18960816 0.00000000
1.76316461 20.25536420 0.00000000
1.12285336 20.30092926 0.00000000
0.48142282 20.32625790 0.00000000
-0.16048761 20.33132490 0.00000000
-0.80223806 20.31612518 0.00000000
-1.44318882 20.28067391 0.00000000
-2.08270099 20.22500643 0.00000000
-2.72013707 20.14917821 0.00000000
-3.35486166 20.05326486 0.00000000
-3.98624205 19.93736198 0.00000000
-4.61364887 19.80158510 0.00000000
-5.23645670 19.64606957 0.00000000
-5.85404472 19.47097041 0.00000000
-6.46579729 19.27646217 0.00000000
-7.07110463 19.06273873 0.00000000
-7.66936333 18.83001313 0.00000000
-8.25997704 18.57851737 0.00000000
-8.84235703 18.30850214 0.00000000
-9.41592276 18.02023659 0.00000000
-9.98010250 17.71400809 0.00000000
-10.53433385 17.39012187 0.00000000
-11.07806435 17.04890080 0.00000000
-11.61075200 16.69068502 0.00000000
-12.13186579 16.31583160 0.00000000
-12.64088628 15.92471420 0.00000000
-13.13730606 15.51772270 0.00000000
-13.62063028 15.09526280 0.00000000
-14.09037717 14.65775561 0.00000000
-14.54607846 14.20563725 0.00000000
-14.98727990 13.73935841 0.00000000
-15.41354170 13.25938387 0.00000000
-15.82443894 12.76619209 0.00000000
-16.21956204 12.26027469 0.00000000
-16.59851713 11.74213599 0.00000000
-16.96092645 11.21229247 0.00000000
-17.30642875 10.67127229 0.00000000
-17.63467963 10.11961475 0.00000000
-17.94535187 9.55786976 0.00000000
-18.23813580 8.98659728 0.00000000
-18.51273956 8.40636677 0.00000000
-18.76888942 7.81775660 0.00000000
-19.00633004 7.22135353 0.00000000
-19.22482474 6.61775205 0.00000000
-19.42415571 6.00755386 0.00000000
-19.60412426 5.39136720 0.00000000
-19.76455100 4.76980631 0.00000000
-19.90527600 4.14349078 0.00000000
-20.02615899 3.51304492 0.00000000
-20.12707946 2.87909718 0.00000000
-20.20793683 2.24227950 0.00000000
-20.26865049 1.60322667 0.00000000
-20.30915991 0.96257570 0.00000000
-20.32942473 0.32096521 0.00000000
-20.32942473 -0.32096521 0.00000000
-20.30915991 -0.96257570 0.00000000
-20.26865049 -1.60322667 0.00000000
-20.20793683 -2.24227950 0.00000000
-20.12707946 -2.87909718 0.00000000
-20.02615899 -3.51304492 0.00000000
-19.90527600 -4.14349078 0.00000000
-19.76455100 -4.76980631 0.00000000
-19.60412426 -5.39136720 0.00000000
-19.42415571 -6.00755386 0.00000000
-19.22482474 -6.61775205 0.00000000
-19.00633004 -7.22135353 0.00000000
-18.76888942 -7.81775660 0.00000000
-18.51273956 -8.40636677 0.00000000
-18.23813580 -8.98659728 0.00000000
-17.94535187 -9.55786976 0.00000000
-17.63467963 -10.11961475 0.00000000
-17.30642875 -10.67127229 0.00000000
-16.96092645 -11.21229247 0.00000000
-16.59851713 -11.74213599 0.00000000
-16.21956204 -12.26027469 0.00000000
-15.82443894 -12.76619209 0.00000000
-15.41354170 -13.25938387 0.00000000
-14.98727990 -13.73935841 0.00000000
-14.54607846 -14.20563725 0.00000000
-14.09037717 -14.65775561 0.00000000
-13.62063028 -15.09526280 0.00000000
-13.13730606 -15.51772270 0.00000000
-12.64088628 -15.92471420 0.00000000
-12.13186579 -16.31583160 0.00000000
-11.61075200 -16.69068502 0.00000000
-11.07806435 -17.04890080 0.00000000
-10.53433385 -17.39012187 0.00000000
-9.98010250 -17.71400809 0.00000000
-9.41592276 -18.02023659 0.00000000
-8.84235703 -18.30850214 0.00000000
-8.25997704 -18.57851737 0.00000000
-7.66936333 -18.83001313 0.00000000
-7.07110463 -19.06273873 0.00000000
-6.46579729 -19.27646217 0.00000000
-5.85404472 -19.47097041 0.00000000
-5.23645670 -19.64606957 0.00000000
-4.61364887 -19.80158510 0.00000000
-3.98624205 -19.93736198 0.00000000
-3.35486166 -20.05326486 0.00000000
-2.72013707 -20.14917821 0.00000000
-2.08270099 -20.22500643 0.00000000
-1.44318882 -20.28067391 0.00000000
-0.80223806 -20.31612518 0.00000000
-0.16048761 -20.33132490 0.00000000
0.48142282 -20.32625790 0.00000000
1.12285336 -20.30092926 0.00000000
1.76316461 -20.25536420 0.00000000
2.40171831 -20.18960816 0.00000000
3.03787791 -20.10372667 0.00000000
3.67100930 -19.99780536 0.00000000
4.30048134 -19.87194979 0.00000000
4.92566657 -19.72628544 0.00000000
5.54594179 -19.56095749 0.00000000
6.16068869 -19.37613076 0.00000000
6.76929448 -19.17198948 0.00000000
7.37115250 -18.94873714 0.00000000
7.96566279 -18.70659629 0.00000000
8.55223273 -18.44580830 0.00000000
9.13027762 -18.16663312 0.00000000
9.69922125 -17.86934905 0.00000000
10.25849649 -17.55425242 0.00000000
10.80754584 -17.22165733 0.00000000
11.34582198 -16.87189532 0.00000000
11.87278837 -16.50531504 0.00000000
12.38791970 -16.12228190 0.00000000
12.89070249 -15.72317772 0.00000000
13.38063554 -15.30840034 0.00000000
13.85723048 -14.87836321 0.00000000
14.32001224 -14.43349500 0.00000000
14.76851949 -13.97423917 0.00000000
15.20230517 -13.50105351 0.00000000
15.62093685 -13.01440971 0.00000000
16.02399725 -12.51479287 0.00000000
16.41108458 -12.00270100 0.00000000
16.78181298 -11.47864459 0.00000000
17.13581290 -10.94314601 0.00000000
17.47273148 -10.39673906 0.00000000
17.79223285 -9.83996842 0.00000000
18.09399854 -9.27338909 0.00000000
18.37772774 -8.69756583 0.00000000
18.64313762 -8.11307266 0.00000000
18.88996362 -7.52049220 0.00000000
19.11795969 -6.92041515 0.00000000
19.32689856 -6.31343968 0.00000000
19.51657195 -5.70017083 0.00000000
19.68679081 -5.08121993 0.00000000
19.83738544 -4.45720396 0.00000000
19.96820574 -3.82874495 0.00000000
20.07912129 -3.19646937 0.00000000
20.17002154 -2.56100747 0.00000000
20.24081588 -1.92299271 0.00000000
20.29143373 -1.28306106 0.00000000
20.32182463 -0.64185044 0.00000000
20.33195830 -0.00000000 0.00000000
