13.08091183 -3.55217970 -5.00000000
13.15123605 -3.54965419 -5.00000000
13.35609494 -3.49739032 -5.00000000
13.66020993 -3.33963112 -5.00000000
14.00192394 -3.04605564 -5.00000000
14.30919134 -2.61947160 -5.00000000
14.51794970 -2.09551807 -5.00000000
14.58795235 -1.53417919 -5.00000000
14.51221684 -1.00506264 -5.00000000
14.31807746 -0.57007618 -5.00000000
14.05996919 -0.26783857 -5.00000000
13.80602187 -0.10378370 -5.00000000
13.62177275 -0.04859546 -5.00000000
13.55456232 -0.04555301 -5.00000000
13.49242695 -0.04445073 -5.00000000
13.31880388 -0.00488092 -5.00000000
13.06942027 0.11979665 -5.00000000
12.79546352 0.35858258 -5.00000000
12.55224332 0.71692200 -5.00000000
12.38659547 1.17531642 -5.00000000
12.32655223 1.69269787 -5.00000000
12.37615092 2.21442496 -5.00000000
12.51595097 2.68392242 -5.00000000
12.70782173 3.05538282 -5.00000000
12.90247936 3.30402590 -5.00000000
13.04889833 3.43129906 -5.00000000
13.10449180 3.46417805 -5.00000000
13.16413160 3.50152732 -5.00000000
13.31541267 3.64921861 -5.00000000
13.49990438 3.93789957 -5.00000000
13.64904965 4.36300041 -5.00000000
13.70185901 4.88606672 -5.00000000
13.62067229 5.44420297 -5.00000000
13.40062692 5.96533802 -5.00000000
13.07047977 6.38569864 -5.00000000
12.68485690 6.66533828 -5.00000000
12.31020978 6.79802959 -5.00000000
12.00825752 6.81313162 -5.00000000
11.82109898 6.76880147 -5.00000000
11.76137181 6.73783110 -5.00000000
11.70700986 6.70771801 -5.00000000
11.53686297 6.65517494 -5.00000000
11.25855164 6.63845708 -5.00000000
10.90190517 6.70827339 -5.00000000
10.51210059 6.89699432 -5.00000000
10.13944814 7.21115161 -5.00000000
9.82875844 7.62919547 -5.00000000
9.61084862 8.10582373 -5.00000000
9.49717028 8.58232048 -5.00000000
9.47760504 8.99995001 -5.00000000
9.52186194 9.31261004 -5.00000000
9.58502791 9.49604132 -5.00000000
9.61673377 9.55231209 -5.00000000
9.64970873 9.61447741 -5.00000000
9.70687633 9.81802235 -5.00000000
9.72231035 10.16027326 -5.00000000
9.63892353 10.60299402 -5.00000000
9.42312463 11.08238741 -5.00000000
9.07374674 11.52515422 -5.00000000
8.62261433 11.86644773 -5.00000000
8.12651820 12.06541712 -5.00000000
7.65273918 12.11478072 -5.00000000
7.26193961 12.04237121 -5.00000000
6.99289025 11.90447382 -5.00000000
6.85297128 11.77250352 -5.00000000
6.81673122 11.71581880 -5.00000000
6.78470893 11.66255913 -5.00000000
6.66362895 11.53198205 -5.00000000
6.43096319 11.37834829 -5.00000000
6.08719014 11.26048775 -5.00000000
5.65524900 11.22902259 -5.00000000
5.17544386 11.31476455 -5.00000000
4.69735677 11.52145631 -5.00000000
4.27032719 11.82527358 -5.00000000
3.93363048 12.18109270 -5.00000000
3.70787173 12.53298786 -5.00000000
3.58986931 12.82588785 -5.00000000
3.55285701 13.01632697 -5.00000000
3.55217970 13.08091183 -5.00000000
3.54965419 13.15123605 -5.00000000
3.49739032 13.35609494 -5.00000000
3.33963112 13.66020993 -5.00000000
3.04605564 14.00192394 -5.00000000
2.61947160 14.30919134 -5.00000000
2.09551807 14.51794970 -5.00000000
1.53417919 14.58795235 -5.00000000
1.00506264 14.51221684 -5.00000000
0.57007618 14.31807746 -5.00000000
0.26783857 14.05996919 -5.00000000
0.10378370 13.80602187 -5.00000000
0.04859546 13.62177275 -5.00000000
0.04555301 13.55456232 -5.00000000
0.04445073 13.49242695 -5.00000000
0.00488092 13.31880388 -5.00000000
-0.11979665 13.06942027 -5.00000000
-0.35858258 12.79546352 -5.00000000
-0.71692200 12.55224332 -5.00000000
-1.17531642 12.38659547 -5.00000000
-1.69269787 12.32655223 -5.00000000
-2.21442496 12.37615092 -5.00000000
-2.68392242 12.51595097 -5.00000000
-3.05538282 12.70782173 -5.00000000
-3.30402590 12.90247936 -5.00000000
-3.43129906 13.04889833 -5.00000000
-3.46417805 13.10449180 -5.00000000
-3.50152732 13.16413160 -5.00000000
-3.64921861 13.31541267 -5.00000000
-3.93789957 13.49990438 -5.00000000
-4.36300041 13.64904965 -5.00000000
-4.88606672 13.70185901 -5.00000000
-5.44420297 13.62067229 -5.00000000
-5.96533802 13.40062692 -5.00000000
-6.38569864 13.07047977 -5.00000000
-6.66533828 12.68485690 -5.00000000
-6.79802959 12.31020978 -5.00000000
-6.81313162 12.00825752 -5.00000000
-6.76880147 11.82109898 -5.00000000
-6.73783110 11.76137181 -5.00000000
-6.70771801 11.70700986 -5.00000000
-6.65517494 11.53686297 -5.00000000
-6.63845708 11.25855164 -5.00000000
-6.70827339 10.90190517 -5.00000000
-6.89699432 10.51210059 -5.00000000
-7.21115161 10.13944814 -5.00000000
-7.62919547 9.82875844 -5.00000000
-8.10582373 9.61084862 -5.00000000
-8.58232048 9.49717028 -5.00000000
-8.99995001 9.47760504 -5.00000000
-9.31261004 9.52186194 -5.00000000
-9.49604132 9.58502791 -5.00000000
-9.55231209 9.61673377 -5.00000000
-9.61447741 9.64970873 -5.00000000
-9.81802235 9.70687633 -5.00000000
-10.16027326 9.72231035 -5.00000000
-10.60299402 9.63892353 -5.00000000
-11.08238741 9.42312463 -5.00000000
-11.52515422 9.07374674 -5.00000000
-11.86644773 8.62261433 -5.00000000
-12.06541712 8.12651820 -5.00000000
-12.11478072 7.65273918 -5.00000000
-12.04237121 7.26193961 -5.00000000
-11.90447382 6.99289025 -5.00000000
-11.77250352 6.85297128 -5.00000000
-11.71581880 6.81673122 -5.00000000
-11.66255913 6.78470893 -5.00000000
-11.53198205 6.66362895 -5.00000000
-11.37834829 6.43096319 -5.00000000
-11.26048775 6.08719014 -5.00000000
-11.22902259 5.65524900 -5.00000000
-11.31476455 5.17544386 -5.00000000
-11.52145631 4.69735677 -5.00000000
-11.82527358 4.27032719 -5.00000000
-12.18109270 3.93363048 -5.00000000
-12.53298786 3.70787173 -5.00000000
-12.82588785 3.58986931 -5.00000000
-13.01632697 3.55285701 -5.00000000
-13.08091183 3.55217970 -5.00000000
-13.15123605 3.54965419 -5.00000000
-13.35609494 3.49739032 -5.00000000
-13.66020993 3.33963112 -5.00000000
-14.00192394 3.04605564 -5.00000000
-14.30919134 2.61947160 -5.00000000
-14.51794970 2.09551807 -5.00000000
-14.58795235 1.53417919 -5.00000000
-14.51221684 1.00506264 -5.00000000
-14.31807746 0.57007618 -5.00000000
-14.05996919 0.26783857 -5.00000000
-13.80602187 0.10378370 -5.00000000
-13.62177275 0.04859546 -5.00000000
-13.55456232 0.04555301 -5.00000000
-13.49242695 0.04445073 -5.00000000
-13.31880388 0.00488092 -5.00000000
-13.06942027 -0.11979665 -5.00000000
-12.79546352 -0.35858258 -5.00000000
-12.55224332 -0.71692200 -5.00000000
-12.38659547 -1.17531642 -5.00000000
-12.32655223 -1.69269787 -5.00000000
-12.37615092 -2.21442496 -5.00000000
-12.51595097 -2.68392242 -5.00000000
-12.70782173 -3.05538282 -5.00000000
-12.90247936 -3.30402590 -5.00000000
-13.04889833 -3.43129906 -5.00000000
-13.10449180 -3.46417805 -5.00000000
-13.16413160 -3.50152732 -5.00000000
-13.31541267 -3.64921861 -5.00000000
-13.49990438 -3.93789957 -5.00000000
-13.64904965 -4.36300041 -5.00000000
-13.70185901 -4.88606672 -5.00000000
-13.62067229 -5.44420297 -5.00000000
-13.40062692 -5.96533802 -5.00000000
-13.07047977 -6.38569864 -5.00000000
-12.68485690 -6.66533828 -5.00000000
-12.31020978 -6.79802959 -5.00000000
-12.00825752 -6.81313162 -5.00000000
-11.82109898 -6.76880147 -5.00000000
-11.76137181 -6.73783110 -5.00000000
-11.70700986 -6.70771801 -5.00000000
-11.53686297 -6.65517494 -5.00000000
-11.25855164 -6.63845708 -5.00000000
-10.90190517 -6.70827339 -5.00000000
-10.51210059 -6.89699432 -5.00000000
-10.13944814 -7.21115161 -5.00000000
-9.82875844 -7.62919547 -5.00000000
-9.61084862 -8.10582373 -5.00000000
-9.49717028 -8.58232048 -5.00000000
-9.47760504 -8.99995001 -5.00000000
-9.52186194 -9.31261004 -5.00000000
-9.58502791 -9.49604132 -5.00000000
-9.61673377 -9.55231209 -5.00000000
-9.64970873 -9.61447741 -5.00000000
-9.70687633 -9.81802235 -5.00000000
-9.72231035 -10.16027326 -5.00000000
-9.63892353 -10.60299402 -5.00000000
-9.42312463 -11.08238741 -5.00000000
-9.07374674 -11.52515422 -5.00000000
-8.62261433 -11.86644773 -5.00000000
-8.12651820 -12.06541712 -5.00000000
-7.65273918 -12.11478072 -5.00000000
-7.26193961 -12.04237121 -5.00000000
-6.99289025 -11.90447382 -5.00000000
-6.85297128 -11.77250352 -5.00000000
-6.81673122 -11.71581880 -5.00000000
-6.78470893 -11.66255913 -5.00000000
-6.66362895 -11.53198205 -5.00000000
-6.43096319 -11.37834829 -5.00000000
-6.08719014 -11.26048775 -5.00000000
-5.65524900 -11.22902259 -5.00000000
-5.17544386 -11.31476455 -5.00000000
-4.69735677 -11.52145631 -5.00000000
-4.27032719 -11.82527358 -5.00000000
-3.93363048 -12.18109270 -5.00000000
-3.70787173 -12.53298786 -5.00000000
-3.58986931 -12.82588785 -5.00000000
-3.55285701 -13.01632697 -5.00000000
-3.55217970 -13.08091183 -5.00000000
-3.54965419 -13.15123605 -5.00000000
-3.49739032 -13.35609494 -5.00000000
-3.33963112 -13.66020993 -5.00000000
-3.04605564 -14.00192394 -5.00000000
-2.61947160 -14.30919134 -5.00000000
-2.09551807 -14.51794970 -5.00000000
-1.53417919 -14.58795235 -5.00000000
-1.00506264 -14.51221684 -5.00000000
-0.57007618 -14.31807746 -5.00000000
-0.26783857 -14.05996919 -5.00000000
-0.10378370 -13.80602187 -5.00000000
-0.04859546 -13.62177275 -5.00000000
-0.04555301 -13.55456232 -5.00000000
-0.04445073 -13.49242695 -5.00000000
-0.00488092 -13.31880388 -5.00000000
0.11979665 -13.06942027 -5.00000000
0.35858258 -12.79546352 -5.00000000
0.71692200 -12.55224332 -5.00000000
1.17531642 -12.38659547 -5.00000000
1.69269787 -12.32655223 -5.00000000
2.21442496 -12.37615092 -5.00000000
2.68392242 -12.51595097 -5.00000000
3.05538282 -12.70782173 -5.00000000
3.30402590 -12.90247936 -5.00000000
3.43129906 -13.04889833 -5.00000000
3.46417805 -13.10449180 -5.00000000
3.50152732 -13.16413160 -5.00000000
3.64921861 -13.31541267 -5.00000000
3.93789957 -13.49990438 -5.00000000
4.36300041 -13.64904965 -5.00000000
4.88606672 -13.70185901 -5.00000000
5.44420297 -13.62067229 -5.00000000
5.96533802 -13.40062692 -5.00000000
6.38569864 -13.07047977 -5.00000000
6.66533828 -12.68485690 -5.00000000
6.79802959 -12.31020978 -5.00000000
6.81313162 -12.00825752 -5.00000000
6.76880147 -11.82109898 -5.00000000
6.73783110 -11.76137181 -5.00000000
6.70771801 -11.70700986 -5.00000000
6.65517494 -11.53686297 -5.00000000
6.63845708 -11.25855164 -5.00000000
6.70827339 -10.90190517 -5.00000000
6.89699432 -10.51210059 -5.00000000
7.21115161 -10.13944814 -5.00000000
7.62919547 -9.82875844 -5.00000000
8.10582373 -9.61084862 -5.00000000
8.58232048 -9.49717028 -5.00000000
8.99995001 -9.47760504 -5.00000000
9.31261004 -9.52186194 -5.00000000
9.49604132 -9.58502791 -5.00000000
9.55231209 -9.61673377 -5.00000000
9.61447741 -9.64970873 -5.00000000
9.81802235 -9.70687633 -5.00000000
10.16027326 -9.72231035 -5.00000000
10.60299402 -9.63892353 -5.00000000
11.08238741 -9.42312463 -5.00000000
11.52515422 -9.07374674 -5.00000000
11.86644773 -8.62261433 -5.00000000
12.06541712 -8.12651820 -5.00000000
12.11478072 -7.65273918 -5.00000000
12.04237121 -7.26193961 -5.00000000
11.90447382 -6.99289025 -5.00000000
11.77250352 -6.85297128 -5.00000000
11.71581880 -6.81673122 -5.00000000
11.66255913 -6.78470893 -5.00000000
11.53198205 -6.66362895 -5.00000000
11.37834829 -6.43096319 -5.00000000
11.26048775 -6.08719014 -5.00000000
11.22902259 -5.65524900 -5.00000000
11.31476455 -5.17544386 -5.00000000
11.52145631 -4.69735677 -5.00000000
11.82527358 -4.27032719 -5.00000000
12.18109270 -3.93363048 -5.00000000
12.53298786 -3.70787173 -5.00000000
12.82588785 -3.58986931 -5.00000000
13.01632697 -3.55285701 -5.00000000
13.08091183 -3.55217970 -5.00000000
