13.11644357 -3.41864637 5.00000000
13.18447264 -3.42414012 5.00000000
13.38278463 -3.39383067 5.00000000
13.67786629 -3.26656469 5.00000000
14.01080364 -3.00494765 5.00000000
14.31189637 -2.60465176 5.00000000
14.51794970 -2.09551807 5.00000000
14.58795235 -1.53417919 5.00000000
14.51324989 -0.99003341 5.00000000
14.31968893 -0.52805096 5.00000000
14.06120002 -0.19267917 5.00000000
13.80641159 0.00315922 5.00000000
13.62161715 0.08124455 5.00000000
13.55432238 0.09262658 5.00000000
13.49211885 0.10143794 5.00000000
13.31781276 0.16255444 5.00000000
13.06609825 0.31807837 5.00000000
12.78687503 0.59016526 5.00000000
12.53473429 0.97633282 5.00000000
12.35745633 1.44996173 5.00000000
12.28594401 1.96588298 5.00000000
12.32771313 2.46987421 5.00000000
12.46531172 2.91006390 5.00000000
12.66000122 3.24784028 5.00000000
12.85992380 3.46596604 5.00000000
13.01103482 3.57218892 5.00000000
13.06849652 3.59758718 5.00000000
13.13015830 3.62684400 5.00000000
13.28674680 3.75224874 5.00000000
13.47866203 4.01000514 5.00000000
13.63618570 4.40304082 5.00000000
13.69679171 4.90025359 5.00000000
13.62067229 5.44420297 5.00000000
13.40062692 5.96533802 5.00000000
13.06385980 6.39923086 5.00000000
12.66523987 6.70253892 5.00000000
12.27369601 6.86373495 5.00000000
11.95512356 6.90594176 5.00000000
11.75604422 6.88116842 5.00000000
11.69207422 6.85737816 5.00000000
11.63379871 6.83390725 5.00000000
11.45228695 6.79968266 5.00000000
11.15653383 6.80851307 5.00000000
10.77867598 6.90453563 5.00000000
10.36723192 7.11289617 5.00000000
9.97689025 7.43443186 5.00000000
9.65699813 7.84547661 5.00000000
9.44117563 8.30283037 5.00000000
9.34024467 8.75284512 5.00000000
9.33996253 9.14271280 5.00000000
9.40403768 9.43157654 5.00000000
9.48179223 9.59912376 5.00000000
9.51885638 9.64985015 5.00000000
9.55762865 9.70601819 5.00000000
9.63053589 9.89291612 5.00000000
9.66786115 10.21209733 5.00000000
9.60776282 10.63123806 5.00000000
9.41164277 11.09213995 5.00000000
9.07374674 11.52515422 5.00000000
8.62261433 11.86644773 5.00000000
8.11401903 12.07382639 5.00000000
7.61715001 12.13718891 5.00000000
7.19746507 12.08101684 5.00000000
6.90046983 11.95828278 5.00000000
6.74044873 11.83728877 5.00000000
6.69694422 11.78470080 5.00000000
6.65821160 11.73523664 5.00000000
6.51813011 11.61484140 5.00000000
6.25758518 11.47461220 5.00000000
5.88233941 11.36884125 5.00000000
5.42183812 11.34356473 5.00000000
4.92302448 11.42685198 5.00000000
4.44046740 11.62288111 5.00000000
4.02488275 11.91104984 5.00000000
3.71246660 12.25030857 5.00000000
3.51728842 12.58780281 5.00000000
3.42834726 12.87000372 5.00000000
3.41191106 13.05398114 5.00000000
3.41864637 13.11644357 5.00000000
3.42414012 13.18447264 5.00000000
3.39383067 13.38278463 5.00000000
3.26656469 13.67786629 5.00000000
3.00494765 14.01080364 5.00000000
2.60465176 14.31189637 5.00000000
2.09551807 14.51794970 5.00000000
1.53417919 14.58795235 5.00000000
0.99003341 14.51324989 5.00000000
0.52805096 14.31968893 5.00000000
0.19267917 14.06120002 5.00000000
-0.00315922 13.80641159 5.00000000
-0.08124455 13.62161715 5.00000000
-0.09262658 13.55432238 5.00000000
-0.10143794 13.49211885 5.00000000
-0.16255444 13.31781276 5.00000000
-0.31807837 13.06609825 5.00000000
-0.59016526 12.78687503 5.00000000
-0.97633282 12.53473429 5.00000000
-1.44996173 12.35745633 5.00000000
-1.96588298 12.28594401 5.00000000
-2.46987421 12.32771313 5.00000000
-2.91006390 12.46531172 5.00000000
-3.24784028 12.66000122 5.00000000
-3.46596604 12.85992380 5.00000000
-3.57218892 13.01103482 5.00000000
-3.59758718 13.06849652 5.00000000
-3.62684400 13.13015830 5.00000000
-3.75224874 13.28674680 5.00000000
-4.01000514 13.47866203 5.00000000
-4.40304082 13.63618570 5.00000000
-4.90025359 13.69679171 5.00000000
-5.44420297 13.62067229 5.00000000
-5.96533802 13.40062692 5.00000000
-6.39923086 13.06385980 5.00000000
-6.70253892 12.66523987 5.00000000
-6.86373495 12.27369601 5.00000000
-6.90594176 11.95512356 5.00000000
-6.88116842 11.75604422 5.00000000
-6.85737816 11.69207422 5.00000000
-6.83390725 11.63379871 5.00000000
-6.79968266 11.45228695 5.00000000
-6.80851307 11.15653383 5.00000000
-6.90453563 10.77867598 5.00000000
-7.11289617 10.36723192 5.00000000
-7.43443186 9.97689025 5.00000000
-7.84547661 9.65699813 5.00000000
-8.30283037 9.44117563 5.00000000
-8.75284512 9.34024467 5.00000000
-9.14271280 9.33996253 5.00000000
-9.43157654 9.40403768 5.00000000
-9.59912376 9.48179223 5.00000000
-9.64985015 9.51885638 5.00000000
-9.70601819 9.55762865 5.00000000
-9.89291612 9.63053589 5.00000000
-10.21209733 9.66786115 5.00000000
-10.63123806 9.60776282 5.00000000
-11.09213995 9.41164277 5.00000000
-11.52515422 9.07374674 5.00000000
-11.86644773 8.62261433 5.00000000
-12.07382639 8.11401903 5.00000000
-12.13718891 7.61715001 5.00000000
-12.08101684 7.19746507 5.00000000
-11.95828278 6.90046983 5.00000000
-11.83728877 6.74044873 5.00000000
-11.78470080 6.69694422 5.00000000
-11.73523664 6.65821160 5.00000000
-11.61484140 6.51813011 5.00000000
-11.47461220 6.25758518 5.00000000
-11.36884125 5.88233941 5.00000000
-11.34356473 5.42183812 5.00000000
-11.42685198 4.92302448 5.00000000
-11.62288111 4.44046740 5.00000000
-11.91104984 4.02488275 5.00000000
-12.25030857 3.71246660 5.00000000
-12.58780281 3.51728842 5.00000000
-12.87000372 3.42834726 5.00000000
-13.05398114 3.41191106 5.00000000
-13.11644357 3.41864637 5.00000000
-13.18447264 3.42414012 5.00000000
-13.38278463 3.39383067 5.00000000
-13.67786629 3.26656469 5.00000000
-14.01080364 3.00494765 5.00000000
-14.31189637 2.60465176 5.00000000
-14.51794970 2.09551807 5.00000000
-14.58795235 1.53417919 5.00000000
-14.51324989 0.99003341 5.00000000
-14.31968893 0.52805096 5.00000000
-14.06120002 0.19267917 5.00000000
-13.80641159 -0.00315922 5.00000000
-13.62161715 -0.08124455 5.00000000
-13.55432238 -0.09262658 5.00000000
-13.49211885 -0.10143794 5.00000000
-13.31781276 -0.16255444 5.00000000
-13.06609825 -0.31807837 5.00000000
-12.78687503 -0.59016526 5.00000000
-12.53473429 -0.97633282 5.00000000
-12.35745633 -1.44996173 5.00000000
-12.28594401 -1.96588298 5.00000000
-12.32771313 -2.46987421 5.00000000
-12.46531172 -2.91006390 5.00000000
-12.66000122 -3.24784028 5.00000000
-12.85992380 -3.46596604 5.00000000
-13.01103482 -3.57218892 5.00000000
-13.06849652 -3.59758718 5.00000000
-13.13015830 -3.62684400 5.00000000
-13.28674680 -3.75224874 5.00000000
-13.47866203 -4.01000514 5.00000000
-13.63618570 -4.40304082 5.00000000
-13.69679171 -4.90025359 5.00000000
-13.62067229 -5.44420297 5.00000000
-13.40062692 -5.96533802 5.00000000
-13.06385980 -6.39923086 5.00000000
-12.66523987 -6.70253892 5.00000000
-12.27369601 -6.86373495 5.00000000
-11.95512356 -6.90594176 5.00000000
-11.75604422 -6.88116842 5.00000000
-11.69207422 -6.85737816 5.00000000
-11.63379871 -6.83390725 5.00000000
-11.45228695 -6.79968266 5.00000000
-11.15653383 -6.80851307 5.00000000
-10.77867598 -6.90453563 5.00000000
-10.36723192 -7.11289617 5.00000000
-9.97689025 -7.43443186 5.00000000
-9.65699813 -7.84547661 5.00000000
-9.44117563 -8.30283037 5.00000000
-9.34024467 -8.75284512 5.00000000
-9.33996253 -9.14271280 5.00000000
-9.40403768 -9.43157654 5.00000000
-9.48179223 -9.59912376 5.00000000
-9.51885638 -9.64985015 5.00000000
-9.55762865 -9.70601819 5.00000000
-9.63053589 -9.89291612 5.00000000
-9.66786115 -10.21209733 5.00000000
-9.60776282 -10.63123806 5.00000000
-9.41164277 -11.09213995 5.00000000
-9.07374674 -11.52515422 5.00000000
-8.62261433 -11.86644773 5.00000000
-8.11401903 -12.07382639 5.00000000
-7.61715001 -12.13718891 5.00000000
-7.19746507 -12.08101684 5.00000000
-6.90046983 -11.95828278 5.00000000
-6.74044873 -11.83728877 5.00000000
-6.69694422 -11.78470080 5.00000000
-6.65821160 -11.73523664 5.00000000
-6.51813011 -11.61484140 5.00000000
-6.25758518 -11.47461220 5.00000000
-5.88233941 -11.36884125 5.00000000
-5.42183812 -11.34356473 5.00000000
-4.92302448 -11.42685198 5.00000000
-4.44046740 -11.62288111 5.00000000
-4.02488275 -11.91104984 5.00000000
-3.71246660 -12.25030857 5.00000000
-3.51728842 -12.58780281 5.00000000
-3.42834726 -12.87000372 5.00000000
-3.41191106 -13.05398114 5.00000000
-3.41864637 -13.11644357 5.00000000
-3.42414012 -13.18447264 5.00000000
-3.39383067 -13.38278463 5.00000000
-3.26656469 -13.67786629 5.00000000
-3.00494765 -14.01080364 5.00000000
-2.60465176 -14.31189637 5.00000000
-2.09551807 -14.51794970 5.00000000
-1.53417919 -14.58795235 5.00000000
-0.99003341 -14.51324989 5.00000000
-0.52805096 -14.31968893 5.00000000
-0.19267917 -14.06120002 5.00000000
0.00315922 -13.80641159 5.00000000
0.08124455 -13.62161715 5.00000000
0.09262658 -13.55432238 5.00000000
0.10143794 -13.49211885 5.00000000
0.16255444 -13.31781276 5.00000000
0.31807837 -13.06609825 5.00000000
0.59016526 -12.78687503 5.00000000
0.97633282 -12.53473429 5.00000000
1.44996173 -12.35745633 5.00000000
1.96588298 -12.28594401 5.00000000
2.46987421 -12.32771313 5.00000000
2.91006390 -12.46531172 5.00000000
3.24784028 -12.66000122 5.00000000
3.46596604 -12.85992380 5.00000000
3.57218892 -13.01103482 5.00000000
3.59758718 -13.06849652 5.00000000
3.62684400 -13.13015830 5.00000000
3.75224874 -13.28674680 5.00000000
4.01000514 -13.47866203 5.00000000
4.40304082 -13.63618570 5.00000000
4.90025359 -13.69679171 5.00000000
5.44420297 -13.62067229 5.00000000
5.96533802 -13.40062692 5.00000000
6.39923086 -13.06385980 5.00000000
6.70253892 -12.66523987 5.00000000
6.86373495 -12.27369601 5.00000000
6.90594176 -11.95512356 5.00000000
6.88116842 -11.75604422 5.00000000
6.85737816 -11.69207422 5.00000000
6.83390725 -11.63379871 5.00000000
6.79968266 -11.45228695 5.00000000
6.80851307 -11.15653383 5.00000000
6.90453563 -10.77867598 5.00000000
7.11289617 -10.36723192 5.00000000
7.43443186 -9.97689025 5.00000000
7.84547661 -9.65699813 5.00000000
8.30283037 -9.44117563 5.00000000
8.75284512 -9.34024467 5.00000000
9.14271280 -9.33996253 5.00000000
9.43157654 -9.40403768 5.00000000
9.59912376 -9.48179223 5.00000000
9.64985015 -9.51885638 5.00000000
9.70601819 -9.55762865 5.00000000
9.89291612 -9.63053589 5.00000000
10.21209733 -9.66786115 5.00000000
10.63123806 -9.60776282 5.00000000
11.09213995 -9.41164277 5.00000000
11.52515422 -9.07374674 5.00000000
11.86644773 -8.62261433 5.00000000
12.07382639 -8.11401903 5.00000000
12.13718891 -7.61715001 5.00000000
12.08101684 -7.19746507 5.00000000
11.95828278 -6.90046983 5.00000000
11.83728877 -6.74044873 5.00000000
11.78470080 -6.69694422 5.00000000
11.73523664 -6.65821160 5.00000000
11.61484140 -6.51813011 5.00000000
11.47461220 -6.25758518 5.00000000
11.36884125 -5.88233941 5.00000000
11.34356473 -5.42183812 5.00000000
11.42685198 -4.92302448 5.00000000
11.62288111 -4.44046740 5.00000000
11.91104984 -4.02488275 5.00000000
12.25030857 -3.71246660 5.00000000
12.58780281 -3.51728842 5.00000000
12.87000372 -3.42834726 5.00000000
13.05398114 -3.41191106 5.00000000
13.11644357 -3.41864637 5.00000000
