13.43867705 -1.76923540 0.00000000
13.50686308 -1.76626845 0.00000000
13.69990003 -1.71165126 0.00000000
13.97696469 -1.54884771 0.00000000
14.27496838 -1.24804120 0.00000000
14.52421098 -0.81356248 0.00000000
14.66567622 -0.28284347 0.00000000
14.66567622 0.28284347 0.00000000
14.52421098 0.81356248 0.00000000
14.27496838 1.24804120 0.00000000
13.97696469 1.54884771 0.00000000
13.69990003 1.71165126 0.00000000
13.50686308 1.76626845 0.00000000
13.43867705 1.76923540 0.00000000
13.37586125 1.77028146 0.00000000
13.19533189 1.80935817 0.00000000
12.92630636 1.93253751 0.00000000
12.61555913 2.16797973 0.00000000
12.31756894 2.51997716 0.00000000
12.08304295 2.96802780 0.00000000
11.94823605 3.47113400 0.00000000
11.92731620 3.97642024 0.00000000
12.00938455 4.43025404 0.00000000
12.16077844 4.78952660 0.00000000
12.33217172 5.03071581 0.00000000
12.46897637 5.15482191 0.00000000
12.52285342 5.18713573 0.00000000
12.58042078 5.22379819 0.00000000
12.72028709 5.36761654 0.00000000
12.87883035 5.64714088 0.00000000
12.98650585 6.05664881 0.00000000
12.98511692 6.55753971 0.00000000
12.84226991 7.08788848 0.00000000
12.55942644 7.57778774 0.00000000
12.17155444 7.96667126 0.00000000
11.73846465 8.21831957 0.00000000
11.32998264 8.32982381 0.00000000
11.00863583 8.33228349 0.00000000
10.81415232 8.28306489 0.00000000
10.75361802 8.25154133 0.00000000
10.69869491 8.22103935 0.00000000
10.52281354 8.16461609 0.00000000
10.22824093 8.13677976 0.00000000
9.84140482 8.18530509 0.00000000
9.40733904 8.34114871 0.00000000
8.98020825 8.61190895 0.00000000
8.61190895 8.98020825 0.00000000
8.34114871 9.40733904 0.00000000
8.18530509 9.84140482 0.00000000
8.13677976 10.22824093 0.00000000
8.16461609 10.52281354 0.00000000
8.22103935 10.69869491 0.00000000
8.25154133 10.75361802 0.00000000
8.28306489 10.81415232 0.00000000
8.33228349 11.00863583 0.00000000
8.32982381 11.32998264 0.00000000
8.21831957 11.73846465 0.00000000
7.96667126 12.17155444 0.00000000
7.57778774 12.55942644 0.00000000
7.08788848 12.84226991 0.00000000
6.55753971 12.98511692 0.00000000
6.05664881 12.98650585 0.00000000
5.64714088 12.87883035 0.00000000
5.36761654 12.72028709 0.00000000
5.22379819 12.58042078 0.00000000
5.18713573 12.52285342 0.00000000
5.15482191 12.46897637 0.00000000
5.03071581 12.33217172 0.00000000
4.78952660 12.16077844 0.00000000
4.43025404 12.00938455 0.00000000
3.97642024 11.92731620 0.00000000
3.47113400 11.94823605 0.00000000
2.96802780 12.08304295 0.00000000
2.51997716 12.31756894 0.00000000
2.16797973 12.61555913 0.00000000
1.93253751 12.92630636 0.00000000
1.80935817 13.19533189 0.00000000
1.77028146 13.37586125 0.00000000
1.76923540 13.43867705 0.00000000
1.76626845 13.50686308 0.00000000
1.71165126 13.69990003 0.00000000
1.54884771 13.97696469 0.00000000
1.24804120 14.27496838 0.00000000
0.81356248 14.52421098 0.00000000
0.28284347 14.66567622 0.00000000
-0.28284347 14.66567622 0.00000000
-0.81356248 14.52421098 0.00000000
-1.24804120 14.27496838 0.00000000
-1.54884771 13.97696469 0.00000000
-1.71165126 13.69990003 0.00000000
-1.76626845 13.50686308 0.00000000
-1.76923540 13.43867705 0.00000000
-1.77028146 13.37586125 0.00000000
-1.80935817 13.19533189 0.00000000
-1.93253751 12.92630636 0.00000000
-2.16797973 12.61555913 0.00000000
-2.51997716 12.31756894 0.00000000
-2.96802780 12.08304295 0.00000000
-3.47113400 11.94823605 0.00000000
-3.97642024 11.92731620 0.00000000
-4.43025404 12.00938455 0.00000000
-4.78952660 12.16077844 0.00000000
-5.03071581 12.33217172 0.00000000
-5.15482191 12.46897637 0.00000000
-5.18713573 12.52285342 0.00000000
-5.22379819 12.58042078 0.00000000
-5.36761654 12.72028709 0.00000000
-5.64714088 12.87883035 0.00000000
-6.05664881 12.98650585 0.00000000
-6.55753971 12.98511692 0.00000000
-7.08788848 12.84226991 0.00000000
-7.57778774 12.55942644 0.00000000
-7.96667126 12.17155444 0.00000000
-8.21831957 11.73846465 0.00000000
-8.32982381 11.32998264 0.00000000
-8.33228349 11.00863583 0.00000000
-8.28306489 10.81415232 0.00000000
-8.25154133 10.75361802 0.00000000
-8.22103935 10.69869491 0.00000000
-8.16461609 10.52281354 0.00000000
-8.13677976 10.22824093 0.00000000
-8.18530509 9.84140482 0.00000000
-8.34114871 9.40733904 0.00000000
-8.61190895 8.98020825 0.00000000
-8.98020825 8.61190895 0.00000000
-9.40733904 8.34114871 0.00000000
-9.84140482 8.18530509 0.00000000
-10.22824093 8.13677976 0.00000000
-10.52281354 8.16461609 0.00000000
-10.69869491 8.22103935 0.00000000
-10.75361802 8.25154133 0.00000000
-10.81415232 8.28306489 0.00000000
-11.00863583 8.33228349 0.00000000
-11.32998264 8.32982381 0.00000000
-11.73846465 8.21831957 0.00000000
-12.17155444 7.96667126 0.00000000
-12.55942644 7.57778774 0.00000000
-12.84226991 7.08788848 0.00000000
-12.98511692 6.55753971 0.00000000
-12.98650585 6.05664881 0.00000000
-12.87883035 5.64714088 0.00000000
-12.72028709 5.36761654 0.00000000
-12.58042078 5.22379819 0.00000000
-12.52285342 5.18713573 0.00000000
-12.46897637 5.15482191 0.00000000
-12.33217172 5.03071581 0.00000000
-12.16077844 4.78952660 0.00000000
-12.00938455 4.43025404 0.00000000
-11.92731620 3.97642024 0.00000000
-11.94823605 3.47113400 0.00000000
-12.08304295 2.96802780 0.00000000
-12.31756894 2.51997716 0.00000000
-12.61555913 2.16797973 0.00000000
-12.92630636 1.93253751 0.00000000
-13.19533189 1.80935817 0.00000000
-13.37586125 1.77028146 0.00000000
-13.43867705 1.76923540 0.00000000
-13.50686308 1.76626845 0.00000000
-13.69990003 1.71165126 0.00000000
-13.97696469 1.54884771 0.00000000
-14.27496838 1.24804120 0.00000000
-14.52421098 0.81356248 0.00000000
-14.66567622 0.28284347 0.00000000
-14.66567622 -0.28284347 0.00000000
-14.52421098 -0.81356248 0.00000000
-14.27496838 -1.24804120 0.00000000
-13.97696469 -1.54884771 0.00000000
-13.69990003 -1.71165126 0.00000000
-13.50686308 -1.76626845 0.00000000
-13.43867705 -1.76923540 0.00000000
-13.37586125 -1.77028146 0.00000000
-13.19533189 -1.80935817 0.00000000
-12.92630636 -1.93253751 0.00000000
-12.61555913 -2.16797973 0.00000000
-12.31756894 -2.51997716 0.00000000
-12.08304295 -2.96802780 0.00000000
-11.94823605 -3.47113400 0.00000000
-11.92731620 -3.97642024 0.00000000
-12.00938455 -4.43025404 0.00000000
-12.16077844 -4.78952660 0.00000000
-12.33217172 -5.03071581 0.00000000
-12.46897637 -5.15482191 0.00000000
-12.52285342 -5.18713573 0.00000000
-12.58042078 -5.22379819 0.00000000
-12.72028709 -5.36761654 0.00000000
-12.87883035 -5.64714088 0.00000000
-12.98650585 -6.05664881 0.00000000
-12.98511692 -6.55753971 0.00000000
-12.84226991 -7.08788848 0.00000000
-12.55942644 -7.57778774 0.00000000
-12.17155444 -7.96667126 0.00000000
-11.73846465 -8.21831957 0.00000000
-11.32998264 -8.32982381 0.00000000
-11.00863583 -8.33228349 0.00000000
-10.81415232 -8.28306489 0.00000000
-10.75361802 -8.25154133 0.00000000
-10.69869491 -8.22103935 0.00000000
-10.52281354 -8.16461609 0.00000000
-10.22824093 -8.13677976 0.00000000
-9.84140482 -8.18530509 0.00000000
-9.40733904 -8.34114871 0.00000000
-8.98020825 -8.61190895 0.00000000
-8.61190895 -8.98020825 0.00000000
-8.34114871 -9.40733904 0.00000000
-8.18530509 -9.84140482 0.00000000
-8.13677976 -10.22824093 0.00000000
-8.16461609 -10.52281354 0.00000000
-8.22103935 -10.69869491 0.00000000
-8.25154133 -10.75361802 0.00000000
-8.28306489 -10.81415232 0.00000000
-8.33228349 -11.00863583 0.00000000
-8.32982381 -11.32998264 0.00000000
-8.21831957 -11.73846465 0.00000000
-7.96667126 -12.17155444 0.00000000
-7.57778774 -12.55942644 0.00000000
-7.08788848 -12.84226991 0.00000000
-6.55753971 -12.98511692 0.00000000
-6.05664881 -12.98650585 0.00000000
-5.64714088 -12.87883035 0.00000000
-5.36761654 -12.72028709 0.00000000
-5.22379819 -12.58042078 0.00000000
-5.18713573 -12.52285342 0.00000000
-5.15482191 -12.46897637 0.00000000
-5.03071581 -12.33217172 0.00000000
-4.78952660 -12.16077844 0.00000000
-4.43025404 -12.00938455 0.00000000
-3.97642024 -11.92731620 0.00000000
-3.47113400 -11.94823605 0.00000000
-2.96802780 -12.08304295 0.00000000
-2.51997716 -12.31756894 0.00000000
-2.16797973 -12.61555913 0.00000000
-1.93253751 -12.92630636 0.00000000
-1.80935817 -13.19533189 0.00000000
-1.77028146 -13.37586125 0.00000000
-1.76923540 -13.43867705 0.00000000
-1.76626845 -13.50686308 0.00000000
-1.71165126 -13.69990003 0.00000000
-1.54884771 -13.97696469 0.00000000
-1.24804120 -14.27496838 0.00000000
-0.81356248 -14.52421098 0.00000000
-0.28284347 -14.66567622 0.00000000
0.28284347 -14.66567622 0.00000000
0.81356248 -14.52421098 0.00000000
1.24804120 -14.27496838 0.00000000
1.54884771 -13.97696469 0.00000000
1.71165126 -13.69990003 0.00000000
1.76626845 -13.50686308 0.00000000
1.76923540 -13.43867705 0.00000000
1.77028146 -13.37586125 0.00000000
1.80935817 -13.19533189 0.00000000
1.93253751 -12.92630636 0.00000000
2.16797973 -12.61555913 0.00000000
2.51997716 -12.31756894 0.00000000
2.96802780 -12.08304295 0.00000000
3.47113400 -11.94823605 0.00000000
3.97642024 -11.92731620 0.00000000
4.43025404 -12.00938455 0.00000000
4.78952660 -12.16077844 0.00000000
5.03071581 -12.33217172 0.00000000
5.15482191 -12.46897637 0.00000000
5.18713573 -12.52285342 0.00000000
5.22379819 -12.58042078 0.00000000
5.36761654 -12.72028709 0.00000000
5.64714088 -12.87883035 0.00000000
6.05664881 -12.98650585 0.00000000
6.55753971 -12.98511692 0.00000000
7.08788848 -12.84226991 0.00000000
7.57778774 -12.55942644 0.00000000
7.96667126 -12.17155444 0.00000000
8.21831957 -11.73846465 0.00000000
8.32982381 -11.32998264 0.00000000
8.33228349 -11.00863583 0.00000000
8.28306489 -10.81415232 0.00000000
8.25154133 -10.75361802 0.00000000
8.22103935 -10.69869491 0.00000000
8.16461609 -10.52281354 0.00000000
8.13677976 -10.22824093 0.00000000
8.18530509 -9.84140482 0.00000000
8.34114871 -9.40733904 0.00000000
8.61190895 -8.98020825 0.00000000
8.98020825 -8.61190895 0.00000000
9.40733904 -8.34114871 0.00000000
9.84140482 -8.18530509 0.00000000
10.22824093 -8.13677976 0.00000000
10.52281354 -8.16461609 0.00000000
10.69869491 -8.22103935 0.00000000
10.75361802 -8.25154133 0.00000000
10.81415232 -8.28306489 0.00000000
11.00863583 -8.33228349 0.00000000
11.32998264 -8.32982381 0.00000000
11.73846465 -8.21831957 0.00000000
12.17155444 -7.96667126 0.00000000
12.55942644 -7.57778774 0.00000000
12.84226991 -7.08788848 0.00000000
12.98511692 -6.55753971 0.00000000
12.98650585 -6.05664881 0.00000000
12.87883035 -5.64714088 0.00000000
12.72028709 -5.36761654 0.00000000
12.58042078 -5.22379819 0.00000000
12.52285342 -5.18713573 0.00000000
12.46897637 -5.15482191 0.00000000
12.33217172 -5.03071581 0.00000000
12.16077844 -4.78952660 0.00000000
12.00938455 -4.43025404 0.00000000
11.92731620 -3.97642024 0.00000000
11.94823605 -3.47113400 0.00000000
12.08304295 -2.96802780 0.00000000
12.31756894 -2.51997716 0.00000000
12.61555913 -2.16797973 0.00000000
12.92630636 -1.93253751 0.00000000
13.19533189 -1.80935817 0.00000000
13.37586125 -1.77028146 0.00000000
13.43867705 -1.76923540 0.00000000
