33.70225040 -3.52984217 5.00000000
33.76874646 -3.52571554 5.00000000
33.95677709 -3.47093228 5.00000000
34.22789742 -3.31308351 5.00000000
34.52347407 -3.02410239 5.00000000
34.77855936 -2.60690987 5.00000000
34.93725970 -2.09472775 5.00000000
34.96596155 -1.54322157 5.00000000
34.86128518 -1.01733263 5.00000000
34.65088425 -0.57591497 5.00000000
34.38690182 -0.25781290 5.00000000
34.13363151 -0.07267345 5.00000000
33.95230339 0.00133222 5.00000000
33.88659492 0.01233912 5.00000000
33.82291643 0.02230454 5.00000000
33.64574188 0.08949396 5.00000000
33.39360317 0.25848953 5.00000000
33.12116958 0.55129931 5.00000000
32.88712993 0.96247516 5.00000000
32.74118381 1.46031647 5.00000000
32.71302542 1.99389303 5.00000000
32.80576173 2.50433031 5.00000000
32.99522405 2.93785559 5.00000000
33.23532539 3.25771334 5.00000000
33.46827635 3.45230850 5.00000000
33.63739492 3.53777282 5.00000000
33.69967082 3.55438522 5.00000000
33.76385581 3.57224698 5.00000000
33.93638744 3.66492686 5.00000000
34.16876454 3.87569534 5.00000000
34.39779958 4.21981537 5.00000000
34.56057144 4.68092645 5.00000000
34.60931514 5.21491182 5.00000000
34.52272520 5.76033371 5.00000000
34.31099781 6.25296728 5.00000000
34.01341875 6.64099409 5.00000000
33.68906783 6.89725983 5.00000000
33.40283943 7.02569568 5.00000000
33.21008712 7.06038391 5.00000000
33.14352607 7.05748873 5.00000000
33.07916718 7.05399688 5.00000000
32.89189485 7.08288138 5.00000000
32.61012983 7.19576141 5.00000000
32.28277099 7.42553047 5.00000000
31.96835739 7.77906156 5.00000000
31.72209352 8.23567993 5.00000000
31.58361365 8.75174211 5.00000000
31.56819758 9.27030607 5.00000000
31.66338472 9.73374921 5.00000000
31.83173710 10.09653718 5.00000000
32.01913891 10.33531320 5.00000000
32.16679280 10.45407164 5.00000000
32.22425392 10.48326891 5.00000000
32.28332264 10.51408516 5.00000000
32.43281481 10.64061111 5.00000000
32.61629268 10.89508771 5.00000000
32.76877618 11.27930695 5.00000000
32.83212070 11.76418382 5.00000000
32.76877744 12.29663471 5.00000000
32.57068011 12.81213477 5.00000000
32.26115519 13.24998251 5.00000000
31.88940363 13.56765984 5.00000000
31.51885992 13.75088920 5.00000000
31.21218298 13.81700819 5.00000000
31.01643068 13.81086295 5.00000000
30.95192609 13.79419221 5.00000000
30.88969959 13.77739570 5.00000000
30.70051419 13.76671290 5.00000000
30.40143733 13.81854399 5.00000000
30.03346039 13.97523031 5.00000000
29.65241424 14.25566564 5.00000000
29.31659553 14.65110467 5.00000000
29.07384642 15.12709806 5.00000000
28.95095171 15.63112498 5.00000000
28.94770353 16.10423129 5.00000000
29.03694915 16.49409390 5.00000000
29.17061146 16.76661512 5.00000000
29.29034749 16.91347738 5.00000000
29.34048249 16.95398345 5.00000000
29.39185336 16.99640737 5.00000000
29.51177255 17.15124959 5.00000000
29.63833233 17.43831246 5.00000000
29.70760002 17.84583869 5.00000000
29.66874874 18.33328990 5.00000000
29.49608691 18.84093566 5.00000000
29.19514000 19.30398405 5.00000000
28.80134527 19.66790992 5.00000000
28.37166855 19.90135375 5.00000000
27.97112658 20.00353874 5.00000000
27.65740436 20.00445115 5.00000000
27.46720739 19.95774100 5.00000000
27.40757842 19.92802330 5.00000000
27.35020391 19.89865622 5.00000000
27.16737374 19.84887301 5.00000000
26.86405614 19.83738989 5.00000000
26.47154346 19.91414553 5.00000000
26.04051830 20.10922872 5.00000000
25.62982163 20.42620582 5.00000000
25.29341258 20.84132724 5.00000000
25.06841033 21.30878871 5.00000000
24.96686880 21.77088119 5.00000000
24.97310720 22.17077957 5.00000000
25.04718832 22.46513551 5.00000000
25.13377345 22.63368299 5.00000000
25.17439119 22.68372756 5.00000000
25.21581906 22.73590502 5.00000000
25.30092421 22.91229617 5.00000000
25.36503463 23.21939928 5.00000000
25.34805918 23.63242165 5.00000000
25.20871009 24.10114325 5.00000000
24.93427586 24.56179732 5.00000000
24.54363218 24.95215661 5.00000000
24.08277837 25.22625530 5.00000000
23.61395542 25.36526300 5.00000000
23.20092079 25.38193765 5.00000000
22.89386445 25.31760360 5.00000000
22.71753533 25.23237001 5.00000000
22.66538805 25.19090415 5.00000000
22.61537308 25.15024998 5.00000000
22.44688869 25.06354212 5.00000000
22.15258679 24.98924666 5.00000000
21.75269305 24.98271703 5.00000000
21.29052675 25.08392202 5.00000000
20.82290155 25.30858377 5.00000000
20.40753524 25.64469042 5.00000000
20.09025913 26.05515613 5.00000000
19.89486210 26.48603911 5.00000000
19.81782062 26.87849578 5.00000000
19.82908285 27.18182167 5.00000000
19.87873289 27.36468804 5.00000000
19.90805819 27.42208393 5.00000000
19.93773246 27.48173452 5.00000000
19.98430408 27.67196545 5.00000000
19.98316320 27.98568693 5.00000000
19.88068653 28.38615438 5.00000000
19.64692985 28.81566098 5.00000000
19.28271729 29.20919057 5.00000000
18.81944986 29.50980018 5.00000000
18.31167849 29.68209226 5.00000000
17.82419912 29.72058854 5.00000000
17.41672344 29.65102408 5.00000000
17.12975281 29.52425528 5.00000000
16.97499796 29.40422337 5.00000000
16.93261147 29.35282161 5.00000000
16.89214192 29.30265713 5.00000000
16.74536690 29.18281418 5.00000000
16.47294309 29.04895344 5.00000000
16.08314558 28.95942392 5.00000000
15.61003702 28.96232755 5.00000000
15.10592075 29.08485516 5.00000000
14.62975069 29.32725756 5.00000000
14.23406720 29.66278820 5.00000000
13.95335445 30.04363002 5.00000000
13.79640019 30.41149276 5.00000000
13.74435131 30.71053179 5.00000000
13.75489633 30.89972492 5.00000000
13.77164752 30.96196364 5.00000000
13.78827128 31.02648035 5.00000000
13.79427396 31.22223707 5.00000000
13.72793165 31.52886578 5.00000000
13.54443248 31.89927595 5.00000000
13.22648450 32.27079606 5.00000000
12.78841146 32.58000203 5.00000000
12.27276728 32.77772389 5.00000000
11.74027039 32.84067937 5.00000000
11.25543978 32.77698175 5.00000000
10.87133169 32.62421848 5.00000000
10.61698878 32.44055534 5.00000000
10.49057173 32.29097106 5.00000000
10.45979851 32.23187991 5.00000000
10.43064310 32.17439755 5.00000000
10.31199222 32.02665721 5.00000000
10.07335274 31.83908156 5.00000000
9.71068747 31.67046501 5.00000000
9.24731377 31.57494040 5.00000000
8.72873872 31.58997882 5.00000000
8.21257583 31.72808282 5.00000000
7.75577823 31.97401409 5.00000000
7.40201826 32.28817014 5.00000000
7.17201086 32.61536156 5.00000000
7.05892567 32.89704431 5.00000000
7.02990479 33.08429555 5.00000000
7.03334977 33.14865697 5.00000000
7.03619648 33.21522011 5.00000000
7.00136788 33.40794710 5.00000000
6.87272361 33.69408189 5.00000000
6.61622173 34.01824609 5.00000000
6.22797831 34.31554249 5.00000000
5.73519068 34.52691107 5.00000000
5.18970587 34.61310378 5.00000000
4.65575614 34.56397120 5.00000000
4.19476372 34.40086357 5.00000000
3.85081058 34.17157799 5.00000000
3.64021139 33.93904746 5.00000000
3.54765718 33.76644838 5.00000000
3.52984217 33.70225040 5.00000000
3.51327512 33.63996241 5.00000000
3.42793399 33.47078165 5.00000000
3.23350853 33.23768903 5.00000000
2.91382572 32.99735482 5.00000000
2.48043853 32.80757684 5.00000000
1.97006893 32.71446881 5.00000000
1.43647200 32.74223861 5.00000000
0.93852454 32.88782214 5.00000000
0.52717836 33.12156229 5.00000000
0.23417025 33.39378257 5.00000000
0.06499110 33.64579813 5.00000000
-0.00232733 33.82292370 5.00000000
-0.01233912 33.88659492 5.00000000
-0.02339387 33.95229536 5.00000000
-0.09753158 34.13356953 5.00000000
-0.28285543 34.38670495 5.00000000
-0.60114965 34.65045565 5.00000000
-1.04272042 34.86053506 5.00000000
-1.56868546 34.96482841 5.00000000
-2.12017058 34.93572493 5.00000000
-2.63223700 34.77665163 5.00000000
-3.04924364 34.52126259 5.00000000
-3.33800943 34.22547556 5.00000000
-3.49566071 33.95424035 5.00000000
-3.55030702 33.76616987 5.00000000
-3.55438522 33.69967082 5.00000000
-3.55763983 33.63529949 5.00000000
-3.60594139 33.45207232 5.00000000
-3.74765552 33.18365001 5.00000000
-4.01038419 32.88210188 5.00000000
-4.39484377 32.60636474 5.00000000
-4.87470233 32.40917954 5.00000000
-5.40241255 32.32540146 5.00000000
-5.91974718 32.36427454 5.00000000
-6.37070177 32.50738323 5.00000000
-6.71390473 32.71273503 5.00000000
-6.93178389 32.92406913 5.00000000
-7.03445773 33.08332779 5.00000000
-7.05748873 33.14352607 5.00000000
-7.08196179 33.20549239 5.00000000
-7.19216843 33.36739119 5.00000000
-7.42607232 33.57646399 5.00000000
-7.79224791 33.76827401 5.00000000
-8.26784726 33.88195496 5.00000000
-8.80400251 33.87461498 5.00000000
-9.33738541 33.73148727 5.00000000
-9.80518874 33.46942551 5.00000000
-10.15998442 33.13291677 5.00000000
-10.38094240 32.78355562 5.00000000
-10.47875565 32.48547000 5.00000000
-10.49310576 32.29014771 5.00000000
-10.48326891 32.22425392 5.00000000
-10.47306885 32.16061259 5.00000000
-10.48221984 31.97134691 5.00000000
-10.56502903 31.67932624 5.00000000
-10.75932108 31.32974330 5.00000000
-11.07805032 30.98009804 5.00000000
-11.50642570 30.68745361 5.00000000
-12.00518575 30.49578916 5.00000000
-12.51929755 30.42625284 5.00000000
-12.99015166 30.47247553 5.00000000
-13.36854985 30.60198400 5.00000000
-13.62560666 30.76340032 5.00000000
-13.75914857 30.89783170 5.00000000
-13.79419221 30.95192609 5.00000000
-13.83101400 31.00745006 5.00000000
-13.97247302 31.14289773 5.00000000
-14.24473423 31.29877044 5.00000000
-14.64278754 31.41025677 5.00000000
-15.13162951 31.42257085 5.00000000
-15.65454241 31.30391832 5.00000000
-16.14651169 31.05302176 5.00000000
-16.54960669 30.69942489 5.00000000
-16.82668513 30.29650351 5.00000000
-16.97017839 29.90883699 5.00000000
-17.00387870 29.59692874 5.00000000
-16.97730543 29.40289115 5.00000000
-16.95398345 29.34048249 5.00000000
-16.93077451 29.28035259 5.00000000
-16.90037498 29.09332022 5.00000000
-16.92066008 28.79046391 5.00000000
-17.03802400 28.40812460 5.00000000
-17.27709290 27.99985239 5.00000000
-17.63526306 27.62453869 5.00000000
-18.08327472 27.33336453 5.00000000
-18.57169453 27.15845790 5.00000000
-19.04186960 27.10577444 5.00000000
-19.43892520 27.15377942 5.00000000
-19.72392504 27.25822329 5.00000000
-19.88249859 27.36195211 5.00000000
-19.92802330 27.40757842 5.00000000
-19.97558453 27.45423337 5.00000000
-20.14211348 27.55731021 5.00000000
-20.44083289 27.65317044 5.00000000
-20.85336710 27.67946058 5.00000000
-21.33408693 27.58986961 5.00000000
-21.82090369 27.36509021 5.00000000
-22.24995793 27.01739018 5.00000000
-22.57072742 26.58771209 5.00000000
-22.75797896 26.13598766 5.00000000
-22.81773614 25.72695866 5.00000000
-22.78585065 25.41485966 5.00000000
-22.71951539 25.23058715 5.00000000
-22.68372756 25.17439119 5.00000000
-22.64852408 25.12040068 5.00000000
-22.57990264 24.94377583 5.00000000
-22.53677709 24.64332015 5.00000000
-22.57208352 24.24493455 5.00000000
-22.72104362 23.79587884 5.00000000
-22.99335480 23.35429888 5.00000000
-23.37103782 22.97634071 5.00000000
-23.81241935 22.70370802 5.00000000
-24.26136645 22.55442093 5.00000000
-24.65972624 22.51882438 5.00000000
-24.96021325 22.56173111 5.00000000
-25.13688802 22.63022390 5.00000000
-25.19090415 22.66538805 5.00000000
-25.24712617 22.70113495 5.00000000
-25.43144694 22.76733599 5.00000000
-25.74356907 22.79899419 5.00000000
-26.15255444 22.73893914 5.00000000
-26.60414239 22.55135868 5.00000000
-27.03358676 22.23027636 5.00000000
-27.38097424 21.80096901 5.00000000
-27.60539905 21.31398869 5.00000000
-27.69463991 20.83320374 5.00000000
-27.66804933 20.42068878 5.00000000
-27.57197159 20.12203927 5.00000000
-27.46877350 19.95558543 5.00000000
-27.42208393 19.90805819 5.00000000
-27.37642447 19.86256672 5.00000000
-27.27258020 19.70406875 5.00000000
-27.16792880 19.41914505 5.00000000
-27.11963467 19.02212451 5.00000000
-27.17197571 18.55191120 5.00000000
-27.34652660 18.06336415 5.00000000
-27.63737442 17.61514055 5.00000000
-28.01242718 17.25669716 5.00000000
-28.42052518 17.01733099 5.00000000
-28.80277891 16.89968867 5.00000000
-29.10562036 16.87918301 5.00000000
-29.29267482 16.90944633 5.00000000
-29.35282161 16.93261147 5.00000000
-29.41524723 16.95588799 5.00000000
-29.60930413 16.98231994 5.00000000
-29.92118775 16.94839249 5.00000000
-30.30874967 16.80461695 5.00000000
-30.71146916 16.52724516 5.00000000
-31.06477237 16.12389275 5.00000000
-31.31531058 15.63174088 5.00000000
-31.43358227 15.10874171 5.00000000
-31.42091219 14.61990884 5.00000000
-31.30913601 14.22193682 5.00000000
-31.15306506 13.94978920 5.00000000
-31.01751440 13.80842886 5.00000000
-30.96196364 13.77164752 5.00000000
-30.90784374 13.73664328 5.00000000
-30.77331514 13.60319931 5.00000000
-30.61171166 13.34626012 5.00000000
-30.48192765 12.96795635 5.00000000
-30.43536207 12.49713602 5.00000000
-30.50452396 11.98297372 5.00000000
-30.69582513 11.48407422 5.00000000
-30.98815752 11.05548583 5.00000000
-31.33757057 10.73650204 5.00000000
-31.68701193 10.54195546 5.00000000
-31.97897221 10.45893362 5.00000000
-32.16823117 10.44964480 5.00000000
-32.23187991 10.45979851 5.00000000
-32.29778085 10.46958737 5.00000000
-32.49309264 10.45509502 5.00000000
-32.79110695 10.35706471 5.00000000
-33.14030709 10.13585237 5.00000000
-33.47655736 9.78081171 5.00000000
-33.73827837 9.31281766 5.00000000
-33.88101759 8.77933067 5.00000000
-33.88796711 8.24317022 5.00000000
-33.77393984 7.76765377 5.00000000
-33.58186320 7.40161797 5.00000000
-33.37262011 7.16786641 5.00000000
-33.21064109 7.05777770 5.00000000
-33.14865697 7.03334977 5.00000000
-33.08844193 7.01036261 5.00000000
-32.92910853 6.90780478 5.00000000
-32.71761582 6.69007959 5.00000000
-32.51201413 6.34702627 5.00000000
-32.36857707 5.89617602 5.00000000
-32.32932725 5.37886984 5.00000000
-32.41272099 4.85109874 5.00000000
-32.60955668 4.37109671 5.00000000
-32.88501376 3.98643643 5.00000000
-33.18637047 3.72348821 5.00000000
-33.45468951 3.58157865 5.00000000
-33.63788146 3.53314366 5.00000000
-33.70225040 3.52984217 5.00000000
-33.76874646 3.52571554 5.00000000
-33.95677709 3.47093228 5.00000000
-34.22789742 3.31308351 5.00000000
-34.52347407 3.02410239 5.00000000
-34.77855936 2.60690987 5.00000000
-34.93725970 2.09472775 5.00000000
-34.96596155 1.54322157 5.00000000
-34.86128518 1.01733263 5.00000000
-34.65088425 0.57591497 5.00000000
-34.38690182 0.25781290 5.00000000
-34.13363151 0.07267345 5.00000000
-33.95230339 -0.00133222 5.00000000
-33.88659492 -0.01233912 5.00000000
-33.82291643 -0.02230454 5.00000000
-33.64574188 -0.08949396 5.00000000
-33.39360317 -0.25848953 5.00000000
-33.12116958 -0.55129931 5.00000000
-32.88712993 -0.96247516 5.00000000
-32.74118381 -1.46031647 5.00000000
-32.71302542 -1.99389303 5.00000000
-32.80576173 -2.50433031 5.00000000
-32.99522405 -2.93785559 5.00000000
-33.23532539 -3.25771334 5.00000000
-33.46827635 -3.45230850 5.00000000
-33.63739492 -3.53777282 5.00000000
-33.69967082 -3.55438522 5.00000000
-33.76385581 -3.57224698 5.00000000
-33.93638744 -3.66492686 5.00000000
-34.16876454 -3.87569534 5.00000000
-34.39779958 -4.21981537 5.00000000
-34.56057144 -4.68092645 5.00000000
-34.60931514 -5.21491182 5.00000000
-34.52272520 -5.76033371 5.00000000
-34.31099781 -6.25296728 5.00000000
-34.01341875 -6.64099409 5.00000000
-33.68906783 -6.89725983 5.00000000
-33.40283943 -7.02569568 5.00000000
-33.21008712 -7.06038391 5.00000000
-33.14352607 -7.05748873 5.00000000
-33.07916718 -7.05399688 5.00000000
-32.89189485 -7.08288138 5.00000000
-32.61012983 -7.19576141 5.00000000
-32.28277099 -7.42553047 5.00000000
-31.96835739 -7.77906156 5.00000000
-31.72209352 -8.23567993 5.00000000
-31.58361365 -8.75174211 5.00000000
-31.56819758 -9.27030607 5.00000000
-31.66338472 -9.73374921 5.00000000
-31.83173710 -10.09653718 5.00000000
-32.01913891 -10.33531320 5.00000000
-32.16679280 -10.45407164 5.00000000
-32.22425392 -10.48326891 5.00000000
-32.28332264 -10.51408516 5.00000000
-32.43281481 -10.64061111 5.00000000
-32.61629268 -10.89508771 5.00000000
-32.76877618 -11.27930695 5.00000000
-32.83212070 -11.76418382 5.00000000
-32.76877744 -12.29663471 5.00000000
-32.57068011 -12.81213477 5.00000000
-32.26115519 -13.24998251 5.00000000
-31.88940363 -13.56765984 5.00000000
-31.51885992 -13.75088920 5.00000000
-31.21218298 -13.81700819 5.00000000
-31.01643068 -13.81086295 5.00000000
-30.95192609 -13.79419221 5.00000000
-30.88969959 -13.77739570 5.00000000
-30.70051419 -13.76671290 5.00000000
-30.40143733 -13.81854399 5.00000000
-30.03346039 -13.97523031 5.00000000
-29.65241424 -14.25566564 5.00000000
-29.31659553 -14.65110467 5.00000000
-29.07384642 -15.12709806 5.00000000
-28.95095171 -15.63112498 5.00000000
-28.94770353 -16.10423129 5.00000000
-29.03694915 -16.49409390 5.00000000
-29.17061146 -16.76661512 5.00000000
-29.29034749 -16.91347738 5.00000000
-29.34048249 -16.95398345 5.00000000
-29.39185336 -16.99640737 5.00000000
-29.51177255 -17.15124959 5.00000000
-29.63833233 -17.43831246 5.00000000
-29.70760002 -17.84583869 5.00000000
-29.66874874 -18.33328990 5.00000000
-29.49608691 -18.84093566 5.00000000
-29.19514000 -19.30398405 5.00000000
-28.80134527 -19.66790992 5.00000000
-28.37166855 -19.90135375 5.00000000
-27.97112658 -20.00353874 5.00000000
-27.65740436 -20.00445115 5.00000000
-27.46720739 -19.95774100 5.00000000
-27.40757842 -19.92802330 5.00000000
-27.35020391 -19.89865622 5.00000000
-27.16737374 -19.84887301 5.00000000
-26.86405614 -19.83738989 5.00000000
-26.47154346 -19.91414553 5.00000000
-26.04051830 -20.10922872 5.00000000
-25.62982163 -20.42620582 5.00000000
-25.29341258 -20.84132724 5.00000000
-25.06841033 -21.30878871 5.00000000
-24.96686880 -21.77088119 5.00000000
-24.97310720 -22.17077957 5.00000000
-25.04718832 -22.46513551 5.00000000
-25.13377345 -22.63368299 5.00000000
-25.17439119 -22.68372756 5.00000000
-25.21581906 -22.73590502 5.00000000
-25.30092421 -22.91229617 5.00000000
-25.36503463 -23.21939928 5.00000000
-25.34805918 -23.63242165 5.00000000
-25.20871009 -24.10114325 5.00000000
-24.93427586 -24.56179732 5.00000000
-24.54363218 -24.95215661 5.00000000
-24.08277837 -25.22625530 5.00000000
-23.61395542 -25.36526300 5.00000000
-23.20092079 -25.38193765 5.00000000
-22.89386445 -25.31760360 5.00000000
-22.71753533 -25.23237001 5.00000000
-22.66538805 -25.19090415 5.00000000
-22.61537308 -25.15024998 5.00000000
-22.44688869 -25.06354212 5.00000000
-22.15258679 -24.98924666 5.00000000
-21.75269305 -24.98271703 5.00000000
-21.29052675 -25.08392202 5.00000000
-20.82290155 -25.30858377 5.00000000
-20.40753524 -25.64469042 5.00000000
-20.09025913 -26.05515613 5.00000000
-19.89486210 -26.48603911 5.00000000
-19.81782062 -26.87849578 5.00000000
-19.82908285 -27.18182167 5.00000000
-19.87873289 -27.36468804 5.00000000
-19.90805819 -27.42208393 5.00000000
-19.93773246 -27.48173452 5.00000000
-19.98430408 -27.67196545 5.00000000
-19.98316320 -27.98568693 5.00000000
-19.88068653 -28.38615438 5.00000000
-19.64692985 -28.81566098 5.00000000
-19.28271729 -29.20919057 5.00000000
-18.81944986 -29.50980018 5.00000000
-18.31167849 -29.68209226 5.00000000
-17.82419912 -29.72058854 5.00000000
-17.41672344 -29.65102408 5.00000000
-17.12975281 -29.52425528 5.00000000
-16.97499796 -29.40422337 5.00000000
-16.93261147 -29.35282161 5.00000000
-16.89214192 -29.30265713 5.00000000
-16.74536690 -29.18281418 5.00000000
-16.47294309 -29.04895344 5.00000000
-16.08314558 -28.95942392 5.00000000
-15.61003702 -28.96232755 5.00000000
-15.10592075 -29.08485516 5.00000000
-14.62975069 -29.32725756 5.00000000
-14.23406720 -29.66278820 5.00000000
-13.95335445 -30.04363002 5.00000000
-13.79640019 -30.41149276 5.00000000
-13.74435131 -30.71053179 5.00000000
-13.75489633 -30.89972492 5.00000000
-13.77164752 -30.96196364 5.00000000
-13.78827128 -31.02648035 5.00000000
-13.79427396 -31.22223707 5.00000000
-13.72793165 -31.52886578 5.00000000
-13.54443248 -31.89927595 5.00000000
-13.22648450 -32.27079606 5.00000000
-12.78841146 -32.58000203 5.00000000
-12.27276728 -32.77772389 5.00000000
-11.74027039 -32.84067937 5.00000000
-11.25543978 -32.77698175 5.00000000
-10.87133169 -32.62421848 5.00000000
-10.61698878 -32.44055534 5.00000000
-10.49057173 -32.29097106 5.00000000
-10.45979851 -32.23187991 5.00000000
-10.43064310 -32.17439755 5.00000000
-10.31199222 -32.02665721 5.00000000
-10.07335274 -31.83908156 5.00000000
-9.71068747 -31.67046501 5.00000000
-9.24731377 -31.57494040 5.00000000
-8.72873872 -31.58997882 5.00000000
-8.21257583 -31.72808282 5.00000000
-7.75577823 -31.97401409 5.00000000
-7.40201826 -32.28817014 5.00000000
-7.17201086 -32.61536156 5.00000000
-7.05892567 -32.89704431 5.00000000
-7.02990479 -33.08429555 5.00000000
-7.03334977 -33.14865697 5.00000000
-7.03619648 -33.21522011 5.00000000
-7.00136788 -33.40794710 5.00000000
-6.87272361 -33.69408189 5.00000000
-6.61622173 -34.01824609 5.00000000
-6.22797831 -34.31554249 5.00000000
-5.73519068 -34.52691107 5.00000000
-5.18970587 -34.61310378 5.00000000
-4.65575614 -34.56397120 5.00000000
-4.19476372 -34.40086357 5.00000000
-3.85081058 -34.17157799 5.00000000
-3.64021139 -33.93904746 5.00000000
-3.54765718 -33.76644838 5.00000000
-3.52984217 -33.70225040 5.00000000
-3.51327512 -33.63996241 5.00000000
-3.42793399 -33.47078165 5.00000000
-3.23350853 -33.23768903 5.00000000
-2.91382572 -32.99735482 5.00000000
-2.48043853 -32.80757684 5.00000000
-1.97006893 -32.71446881 5.00000000
-1.43647200 -32.74223861 5.00000000
-0.93852454 -32.88782214 5.00000000
-0.52717836 -33.12156229 5.00000000
-0.23417025 -33.39378257 5.00000000
-0.06499110 -33.64579813 5.00000000
0.00232733 -33.82292370 5.00000000
0.01233912 -33.88659492 5.00000000
0.02339387 -33.95229536 5.00000000
0.09753158 -34.13356953 5.00000000
0.28285543 -34.38670495 5.00000000
0.60114965 -34.65045565 5.00000000
1.04272042 -34.86053506 5.00000000
1.56868546 -34.96482841 5.00000000
2.12017058 -34.93572493 5.00000000
2.63223700 -34.77665163 5.00000000
3.04924364 -34.52126259 5.00000000
3.33800943 -34.22547556 5.00000000
3.49566071 -33.95424035 5.00000000
3.55030702 -33.76616987 5.00000000
3.55438522 -33.69967082 5.00000000
3.55763983 -33.63529949 5.00000000
3.60594139 -33.45207232 5.00000000
3.74765552 -33.18365001 5.00000000
4.01038419 -32.88210188 5.00000000
4.39484377 -32.60636474 5.00000000
4.87470233 -32.40917954 5.00000000
5.40241255 -32.32540146 5.00000000
5.91974718 -32.36427454 5.00000000
6.37070177 -32.50738323 5.00000000
6.71390473 -32.71273503 5.00000000
6.93178389 -32.92406913 5.00000000
7.03445773 -33.08332779 5.00000000
7.05748873 -33.14352607 5.00000000
7.08196179 -33.20549239 5.00000000
7.19216843 -33.36739119 5.00000000
7.42607232 -33.57646399 5.00000000
7.79224791 -33.76827401 5.00000000
8.26784726 -33.88195496 5.00000000
8.80400251 -33.87461498 5.00000000
9.33738541 -33.73148727 5.00000000
9.80518874 -33.46942551 5.00000000
10.15998442 -33.13291677 5.00000000
10.38094240 -32.78355562 5.00000000
10.47875565 -32.48547000 5.00000000
10.49310576 -32.29014771 5.00000000
10.48326891 -32.22425392 5.00000000
10.47306885 -32.16061259 5.00000000
10.48221984 -31.97134691 5.00000000
10.56502903 -31.67932624 5.00000000
10.75932108 -31.32974330 5.00000000
11.07805032 -30.98009804 5.00000000
11.50642570 -30.68745361 5.00000000
12.00518575 -30.49578916 5.00000000
12.51929755 -30.42625284 5.00000000
12.99015166 -30.47247553 5.00000000
13.36854985 -30.60198400 5.00000000
13.62560666 -30.76340032 5.00000000
13.75914857 -30.89783170 5.00000000
13.79419221 -30.95192609 5.00000000
13.83101400 -31.00745006 5.00000000
13.97247302 -31.14289773 5.00000000
14.24473423 -31.29877044 5.00000000
14.64278754 -31.41025677 5.00000000
15.13162951 -31.42257085 5.00000000
15.65454241 -31.30391832 5.00000000
16.14651169 -31.05302176 5.00000000
16.54960669 -30.69942489 5.00000000
16.82668513 -30.29650351 5.00000000
16.97017839 -29.90883699 5.00000000
17.00387870 -29.59692874 5.00000000
16.97730543 -29.40289115 5.00000000
16.95398345 -29.34048249 5.00000000
16.93077451 -29.28035259 5.00000000
16.90037498 -29.09332022 5.00000000
16.92066008 -28.79046391 5.00000000
17.03802400 -28.40812460 5.00000000
17.27709290 -27.99985239 5.00000000
17.63526306 -27.62453869 5.00000000
18.08327472 -27.33336453 5.00000000
18.57169453 -27.15845790 5.00000000
19.04186960 -27.10577444 5.00000000
19.43892520 -27.15377942 5.00000000
19.72392504 -27.25822329 5.00000000
19.88249859 -27.36195211 5.00000000
19.92802330 -27.40757842 5.00000000
19.97558453 -27.45423337 5.00000000
20.14211348 -27.55731021 5.00000000
20.44083289 -27.65317044 5.00000000
20.85336710 -27.67946058 5.00000000
21.33408693 -27.58986961 5.00000000
21.82090369 -27.36509021 5.00000000
22.24995793 -27.01739018 5.00000000
22.57072742 -26.58771209 5.00000000
22.75797896 -26.13598766 5.00000000
22.81773614 -25.72695866 5.00000000
22.78585065 -25.41485966 5.00000000
22.71951539 -25.23058715 5.00000000
22.68372756 -25.17439119 5.00000000
22.64852408 -25.12040068 5.00000000
22.57990264 -24.94377583 5.00000000
22.53677709 -24.64332015 5.00000000
22.57208352 -24.24493455 5.00000000
22.72104362 -23.79587884 5.00000000
22.99335480 -23.35429888 5.00000000
23.37103782 -22.97634071 5.00000000
23.81241935 -22.70370802 5.00000000
24.26136645 -22.55442093 5.00000000
24.65972624 -22.51882438 5.00000000
24.96021325 -22.56173111 5.00000000
25.13688802 -22.63022390 5.00000000
25.19090415 -22.66538805 5.00000000
25.24712617 -22.70113495 5.00000000
25.43144694 -22.76733599 5.00000000
25.74356907 -22.79899419 5.00000000
26.15255444 -22.73893914 5.00000000
26.60414239 -22.55135868 5.00000000
27.03358676 -22.23027636 5.00000000
27.38097424 -21.80096901 5.00000000
27.60539905 -21.31398869 5.00000000
27.69463991 -20.83320374 5.00000000
27.66804933 -20.42068878 5.00000000
27.57197159 -20.12203927 5.00000000
27.46877350 -19.95558543 5.00000000
27.42208393 -19.90805819 5.00000000
27.37642447 -19.86256672 5.00000000
27.27258020 -19.70406875 5.00000000
27.16792880 -19.41914505 5.00000000
27.11963467 -19.02212451 5.00000000
27.17197571 -18.55191120 5.00000000
27.34652660 -18.06336415 5.00000000
27.63737442 -17.61514055 5.00000000
28.01242718 -17.25669716 5.00000000
28.42052518 -17.01733099 5.00000000
28.80277891 -16.89968867 5.00000000
29.10562036 -16.87918301 5.00000000
29.29267482 -16.90944633 5.00000000
29.35282161 -16.93261147 5.00000000
29.41524723 -16.95588799 5.00000000
29.60930413 -16.98231994 5.00000000
29.92118775 -16.94839249 5.00000000
30.30874967 -16.80461695 5.00000000
30.71146916 -16.52724516 5.00000000
31.06477237 -16.12389275 5.00000000
31.31531058 -15.63174088 5.00000000
31.43358227 -15.10874171 5.00000000
31.42091219 -14.61990884 5.00000000
31.30913601 -14.22193682 5.00000000
31.15306506 -13.94978920 5.00000000
31.01751440 -13.80842886 5.00000000
30.96196364 -13.77164752 5.00000000
30.90784374 -13.73664328 5.00000000
30.77331514 -13.60319931 5.00000000
30.61171166 -13.34626012 5.00000000
30.48192765 -12.96795635 5.00000000
30.43536207 -12.49713602 5.00000000
30.50452396 -11.98297372 5.00000000
30.69582513 -11.48407422 5.00000000
30.98815752 -11.05548583 5.00000000
31.33757057 -10.73650204 5.00000000
31.68701193 -10.54195546 5.00000000
31.97897221 -10.45893362 5.00000000
32.16823117 -10.44964480 5.00000000
32.23187991 -10.45979851 5.00000000
32.29778085 -10.46958737 5.00000000
32.49309264 -10.45509502 5.00000000
32.79110695 -10.35706471 5.00000000
33.14030709 -10.13585237 5.00000000
33.47655736 -9.78081171 5.00000000
33.73827837 -9.31281766 5.00000000
33.88101759 -8.77933067 5.00000000
33.88796711 -8.24317022 5.00000000
33.77393984 -7.76765377 5.00000000
33.58186320 -7.40161797 5.00000000
33.37262011 -7.16786641 5.00000000
33.21064109 -7.05777770 5.00000000
33.14865697 -7.03334977 5.00000000
33.08844193 -7.01036261 5.00000000
32.92910853 -6.90780478 5.00000000
32.71761582 -6.69007959 5.00000000
32.51201413 -6.34702627 5.00000000
32.36857707 -5.89617602 5.00000000
32.32932725 -5.37886984 5.00000000
32.41272099 -4.85109874 5.00000000
32.60955668 -4.37109671 5.00000000
32.88501376 -3.98643643 5.00000000
33.18637047 -3.72348821 5.00000000
33.45468951 -3.58157865 5.00000000
33.63788146 -3.53314366 5.00000000
33.70225040 -3.52984217 5.00000000
