33.84015676 -1.77348747 0.00000000
33.90634849 -1.76591046 0.00000000
34.09127779 -1.70142885 0.00000000
34.35382794 -1.52970266 0.00000000
34.63398611 -1.22575028 0.00000000
34.86704419 -0.79586421 0.00000000
34.99891076 -0.27612626 0.00000000
34.99891076 0.27612626 0.00000000
34.86704419 0.79586421 0.00000000
34.63398611 1.22575028 0.00000000
34.35382794 1.52970266 0.00000000
34.09127779 1.70142885 0.00000000
33.90634849 1.76591046 0.00000000
33.84015676 1.77348747 0.00000000
33.77604641 1.78012990 0.00000000
33.59561931 1.83802034 0.00000000
33.33503827 1.99368328 0.00000000
33.04775486 2.27193834 0.00000000
32.79266174 2.67039491 0.00000000
32.62103890 3.15997823 0.00000000
32.56518735 3.69137023 0.00000000
32.63126973 4.20593738 0.00000000
32.79794467 4.64872356 0.00000000
33.02109777 4.98062765 0.00000000
33.24362034 5.18706683 0.00000000
33.40806857 5.28120513 0.00000000
33.46939693 5.30103170 0.00000000
33.53256685 5.32220516 0.00000000
33.70004853 5.42372666 0.00000000
33.92115744 5.64628747 0.00000000
34.13199823 6.00184591 0.00000000
34.27058509 6.47079344 0.00000000
34.29151047 7.00659047 0.00000000
34.17669071 7.54677496 0.00000000
33.93964615 8.02773878 0.00000000
33.62230260 8.39977531 0.00000000
33.28507131 8.63883744 0.00000000
32.99255463 8.75222376 0.00000000
32.79825999 8.77684733 0.00000000
32.73193937 8.77049672 0.00000000
32.66784894 8.76366471 0.00000000
32.47932851 8.78277720 0.00000000
32.19207765 8.88086069 0.00000000
31.85321959 9.09330562 0.00000000
31.52085709 9.43001812 0.00000000
31.25119451 9.87322048 0.00000000
31.08608085 10.38138809 0.00000000
31.04373464 10.89845002 0.00000000
31.11470691 11.36621393 0.00000000
31.26397684 11.73726126 0.00000000
31.43871564 11.98545429 0.00000000
31.57999783 12.11172615 0.00000000
31.63586384 12.14387034 0.00000000
31.69325114 12.17771488 0.00000000
31.83596543 12.31183929 0.00000000
32.00596959 12.57550774 0.00000000
32.13827824 12.96713264 0.00000000
32.17633698 13.45464637 0.00000000
32.08540662 13.98308558 0.00000000
31.86078528 14.48759337 0.00000000
31.52892270 14.90876264 0.00000000
31.14116313 15.20668985 0.00000000
30.76159734 15.37041357 0.00000000
30.45189851 15.42050448 0.00000000
30.25673015 15.40419385 0.00000000
30.19317916 15.38419318 0.00000000
30.13190971 15.36418532 0.00000000
29.94353520 15.34368455 0.00000000
29.64216875 15.37990187 0.00000000
29.26654577 15.51725182 0.00000000
28.87143972 15.77750429 0.00000000
28.51552297 16.15495562 0.00000000
28.24836345 16.61768949 0.00000000
28.09943938 17.11464810 0.00000000
28.07160716 17.58694621 0.00000000
28.14047010 17.98092023 0.00000000
28.25978821 18.26001988 0.00000000
28.37172965 18.41290662 0.00000000
28.41969169 18.45596358 0.00000000
28.46878827 18.50100002 0.00000000
28.58049788 18.66186546 0.00000000
28.69196729 18.95511798 0.00000000
28.73996128 19.36569345 0.00000000
28.67582854 19.85046669 0.00000000
28.47701653 20.34845275 0.00000000
28.15241064 20.79523443 0.00000000
27.74023405 21.13820204 0.00000000
27.29900540 21.34899907 0.00000000
26.89369396 21.43022887 0.00000000
26.58034831 21.41483517 0.00000000
26.39283602 21.35830318 0.00000000
26.33483214 21.32552658 0.00000000
26.27906144 21.29321730 0.00000000
26.09906571 21.23399926 0.00000000
25.79675484 21.20676754 0.00000000
25.40078346 21.26301965 0.00000000
24.96020190 21.43543782 0.00000000
24.53358624 21.73064167 0.00000000
24.17605701 22.12771811 0.00000000
23.92706379 22.58285393 0.00000000
23.80164347 23.03904455 0.00000000
23.78708979 23.43872670 0.00000000
23.84577243 23.73653499 0.00000000
23.92348074 23.90935471 0.00000000
23.96144265 23.96144265 0.00000000
24.00010275 24.01570269 0.00000000
24.07592543 24.19627857 0.00000000
24.12398834 24.50629860 0.00000000
24.08557010 24.91788053 0.00000000
23.92204879 25.37872637 0.00000000
23.62404418 25.82449489 0.00000000
23.21364057 26.19402396 0.00000000
22.73916405 26.44380057 0.00000000
22.26375014 26.55825459 0.00000000
21.85040711 26.55344034 0.00000000
21.54710933 26.47323480 0.00000000
21.37544830 26.37895217 0.00000000
21.32552658 26.33483214 0.00000000
21.27769209 26.29163351 0.00000000
21.11394182 26.19628632 0.00000000
20.82389896 26.10679570 0.00000000
20.42488503 26.07949150 0.00000000
19.95808348 26.15653985 0.00000000
19.47941406 26.35659441 0.00000000
19.04714087 26.67065927 0.00000000
18.70896070 27.06408067 0.00000000
18.49143375 27.48422608 0.00000000
18.39409951 27.87214834 0.00000000
18.38958196 28.17564961 0.00000000
18.42966092 28.36084928 0.00000000
18.45596358 28.41969169 0.00000000
18.48249757 28.48080391 0.00000000
18.51911950 28.67319819 0.00000000
18.50167533 28.98643639 0.00000000
18.37852394 29.38103666 0.00000000
18.12276072 29.79781392 0.00000000
17.73858774 30.17188269 0.00000000
17.26032302 30.44800895 0.00000000
16.74428347 30.59367813 0.00000000
16.25546217 30.60678694 0.00000000
15.85215261 30.51613904 0.00000000
15.57215829 30.37462704 0.00000000
15.42385092 30.24671437 0.00000000
15.38419318 30.19317916 0.00000000
15.34638549 30.14097918 0.00000000
15.20603735 30.01366995 0.00000000
14.94093877 29.86583162 0.00000000
14.55632112 29.75616442 0.00000000
14.08370105 29.73447558 0.00000000
13.57389802 29.83063750 0.00000000
13.08577328 30.04796464 0.00000000
12.67318625 30.36247723 0.00000000
12.37305964 30.72821506 0.00000000
12.19719881 31.08742336 0.00000000
12.12967853 31.38335315 0.00000000
12.13037648 31.57283864 0.00000000
12.14387034 31.63586384 0.00000000
12.15711855 31.70115733 0.00000000
12.15293919 31.89696146 0.00000000
12.07075034 32.19972781 0.00000000
11.86824808 32.56010050 0.00000000
11.53142104 32.91459401 0.00000000
11.07786989 33.20061443 0.00000000
10.55264653 33.37126985 0.00000000
10.01759735 33.40646515 0.00000000
9.53673250 33.31765584 0.00000000
9.16108298 33.14513604 0.00000000
8.91662920 32.94850232 0.00000000
8.79815725 32.79255002 0.00000000
8.77049672 32.73193937 0.00000000
8.74436820 32.67301942 0.00000000
8.63355608 32.51931219 0.00000000
8.40498786 32.31958739 0.00000000
8.05157612 32.13235017 0.00000000
7.59379329 32.01287205 0.00000000
7.07513750 32.00093859 0.00000000
6.55249461 32.11202977 0.00000000
6.08353274 32.33388784 0.00000000
5.71392345 32.62923358 0.00000000
5.46722200 32.94402880 0.00000000
5.33964993 33.21945355 0.00000000
5.30093639 33.40494345 0.00000000
5.30103170 33.46939693 0.00000000
5.30041512 33.53601806 0.00000000
5.25561712 33.72667446 0.00000000
5.11227563 34.00573661 0.00000000
4.83927284 34.31613171 0.00000000
4.43610293 34.59284841 0.00000000
3.93299597 34.77832001 0.00000000
3.38376874 34.83604612 0.00000000
2.85309416 34.75922934 0.00000000
2.40120185 34.57238330 0.00000000
2.06963006 34.32553155 0.00000000
1.87140063 34.08236995 0.00000000
1.78794188 33.90519387 0.00000000
1.77348747 33.84015676 0.00000000
1.76018006 33.77709193 0.00000000
1.68374699 33.60370444 0.00000000
1.50169865 33.36082210 0.00000000
1.19493861 33.10419803 0.00000000
0.77200034 32.89215239 0.00000000
0.26715952 32.77264510 0.00000000
-0.26715952 32.77264510 0.00000000
-0.77200034 32.89215239 0.00000000
-1.19493861 33.10419803 0.00000000
-1.50169865 33.36082210 0.00000000
-1.68374699 33.60370444 0.00000000
-1.76018006 33.77709193 0.00000000
-1.77348747 33.84015676 0.00000000
-1.78794188 33.90519387 0.00000000
-1.87140063 34.08236995 0.00000000
-2.06963006 34.32553155 0.00000000
-2.40120185 34.57238330 0.00000000
-2.85309416 34.75922934 0.00000000
-3.38376874 34.83604612 0.00000000
-3.93299597 34.77832001 0.00000000
-4.43610293 34.59284841 0.00000000
-4.83927284 34.31613171 0.00000000
-5.11227563 34.00573661 0.00000000
-5.25561712 33.72667446 0.00000000
-5.30041512 33.53601806 0.00000000
-5.30103170 33.46939693 0.00000000
-5.30093639 33.40494345 0.00000000
-5.33964993 33.21945355 0.00000000
-5.46722200 32.94402880 0.00000000
-5.71392345 32.62923358 0.00000000
-6.08353274 32.33388784 0.00000000
-6.55249461 32.11202977 0.00000000
-7.07513750 32.00093859 0.00000000
-7.59379329 32.01287205 0.00000000
-8.05157612 32.13235017 0.00000000
-8.40498786 32.31958739 0.00000000
-8.63355608 32.51931219 0.00000000
-8.74436820 32.67301942 0.00000000
-8.77049672 32.73193937 0.00000000
-8.79815725 32.79255002 0.00000000
-8.91662920 32.94850232 0.00000000
-9.16108298 33.14513604 0.00000000
-9.53673250 33.31765584 0.00000000
-10.01759735 33.40646515 0.00000000
-10.55264653 33.37126985 0.00000000
-11.07786989 33.20061443 0.00000000
-11.53142104 32.91459401 0.00000000
-11.86824808 32.56010050 0.00000000
-12.07075034 32.19972781 0.00000000
-12.15293919 31.89696146 0.00000000
-12.15711855 31.70115733 0.00000000
-12.14387034 31.63586384 0.00000000
-12.13037648 31.57283864 0.00000000
-12.12967853 31.38335315 0.00000000
-12.19719881 31.08742336 0.00000000
-12.37305964 30.72821506 0.00000000
-12.67318625 30.36247723 0.00000000
-13.08577328 30.04796464 0.00000000
-13.57389802 29.83063750 0.00000000
-14.08370105 29.73447558 0.00000000
-14.55632112 29.75616442 0.00000000
-14.94093877 29.86583162 0.00000000
-15.20603735 30.01366995 0.00000000
-15.34638549 30.14097918 0.00000000
-15.38419318 30.19317916 0.00000000
-15.42385092 30.24671437 0.00000000
-15.57215829 30.37462704 0.00000000
-15.85215261 30.51613904 0.00000000
-16.25546217 30.60678694 0.00000000
-16.74428347 30.59367813 0.00000000
-17.26032302 30.44800895 0.00000000
-17.73858774 30.17188269 0.00000000
-18.12276072 29.79781392 0.00000000
-18.37852394 29.38103666 0.00000000
-18.50167533 28.98643639 0.00000000
-18.51911950 28.67319819 0.00000000
-18.48249757 28.48080391 0.00000000
-18.45596358 28.41969169 0.00000000
-18.42966092 28.36084928 0.00000000
-18.38958196 28.17564961 0.00000000
-18.39409951 27.87214834 0.00000000
-18.49143375 27.48422608 0.00000000
-18.70896070 27.06408067 0.00000000
-19.04714087 26.67065927 0.00000000
-19.47941406 26.35659441 0.00000000
-19.95808348 26.15653985 0.00000000
-20.42488503 26.07949150 0.00000000
-20.82389896 26.10679570 0.00000000
-21.11394182 26.19628632 0.00000000
-21.27769209 26.29163351 0.00000000
-21.32552658 26.33483214 0.00000000
-21.37544830 26.37895217 0.00000000
-21.54710933 26.47323480 0.00000000
-21.85040711 26.55344034 0.00000000
-22.26375014 26.55825459 0.00000000
-22.73916405 26.44380057 0.00000000
-23.21364057 26.19402396 0.00000000
-23.62404418 25.82449489 0.00000000
-23.92204879 25.37872637 0.00000000
-24.08557010 24.91788053 0.00000000
-24.12398834 24.50629860 0.00000000
-24.07592543 24.19627857 0.00000000
-24.00010275 24.01570269 0.00000000
-23.96144265 23.96144265 0.00000000
-23.92348074 23.90935471 0.00000000
-23.84577243 23.73653499 0.00000000
-23.78708979 23.43872670 0.00000000
-23.80164347 23.03904455 0.00000000
-23.92706379 22.58285393 0.00000000
-24.17605701 22.12771811 0.00000000
-24.53358624 21.73064167 0.00000000
-24.96020190 21.43543782 0.00000000
-25.40078346 21.26301965 0.00000000
-25.79675484 21.20676754 0.00000000
-26.09906571 21.23399926 0.00000000
-26.27906144 21.29321730 0.00000000
-26.33483214 21.32552658 0.00000000
-26.39283602 21.35830318 0.00000000
-26.58034831 21.41483517 0.00000000
-26.89369396 21.43022887 0.00000000
-27.29900540 21.34899907 0.00000000
-27.74023405 21.13820204 0.00000000
-28.15241064 20.79523443 0.00000000
-28.47701653 20.34845275 0.00000000
-28.67582854 19.85046669 0.00000000
-28.73996128 19.36569345 0.00000000
-28.69196729 18.95511798 0.00000000
-28.58049788 18.66186546 0.00000000
-28.46878827 18.50100002 0.00000000
-28.41969169 18.45596358 0.00000000
-28.37172965 18.41290662 0.00000000
-28.25978821 18.26001988 0.00000000
-28.14047010 17.98092023 0.00000000
-28.07160716 17.58694621 0.00000000
-28.09943938 17.11464810 0.00000000
-28.24836345 16.61768949 0.00000000
-28.51552297 16.15495562 0.00000000
-28.87143972 15.77750429 0.00000000
-29.26654577 15.51725182 0.00000000
-29.64216875 15.37990187 0.00000000
-29.94353520 15.34368455 0.00000000
-30.13190971 15.36418532 0.00000000
-30.19317916 15.38419318 0.00000000
-30.25673015 15.40419385 0.00000000
-30.45189851 15.42050448 0.00000000
-30.76159734 15.37041357 0.00000000
-31.14116313 15.20668985 0.00000000
-31.52892270 14.90876264 0.00000000
-31.86078528 14.48759337 0.00000000
-32.08540662 13.98308558 0.00000000
-32.17633698 13.45464637 0.00000000
-32.13827824 12.96713264 0.00000000
-32.00596959 12.57550774 0.00000000
-31.83596543 12.31183929 0.00000000
-31.69325114 12.17771488 0.00000000
-31.63586384 12.14387034 0.00000000
-31.57999783 12.11172615 0.00000000
-31.43871564 11.98545429 0.00000000
-31.26397684 11.73726126 0.00000000
-31.11470691 11.36621393 0.00000000
-31.04373464 10.89845002 0.00000000
-31.08608085 10.38138809 0.00000000
-31.25119451 9.87322048 0.00000000
-31.52085709 9.43001812 0.00000000
-31.85321959 9.09330562 0.00000000
-32.19207765 8.88086069 0.00000000
-32.47932851 8.78277720 0.00000000
-32.66784894 8.76366471 0.00000000
-32.73193937 8.77049672 0.00000000
-32.79825999 8.77684733 0.00000000
-32.99255463 8.75222376 0.00000000
-33.28507131 8.63883744 0.00000000
-33.62230260 8.39977531 0.00000000
-33.93964615 8.02773878 0.00000000
-34.17669071 7.54677496 0.00000000
-34.29151047 7.00659047 0.00000000
-34.27058509 6.47079344 0.00000000
-34.13199823 6.00184591 0.00000000
-33.92115744 5.64628747 0.00000000
-33.70004853 5.42372666 0.00000000
-33.53256685 5.32220516 0.00000000
-33.46939693 5.30103170 0.00000000
-33.40806857 5.28120513 0.00000000
-33.24362034 5.18706683 0.00000000
-33.02109777 4.98062765 0.00000000
-32.79794467 4.64872356 0.00000000
-32.63126973 4.20593738 0.00000000
-32.56518735 3.69137023 0.00000000
-32.62103890 3.15997823 0.00000000
-32.79266174 2.67039491 0.00000000
-33.04775486 2.27193834 0.00000000
-33.33503827 1.99368328 0.00000000
-33.59561931 1.83802034 0.00000000
-33.77604641 1.78012990 0.00000000
-33.84015676 1.77348747 0.00000000
-33.90634849 1.76591046 0.00000000
-34.09127779 1.70142885 0.00000000
-34.35382794 1.52970266 0.00000000
-34.63398611 1.22575028 0.00000000
-34.86704419 0.79586421 0.00000000
-34.99891076 0.27612626 0.00000000
-34.99891076 -0.27612626 0.00000000
-34.86704419 -0.79586421 0.00000000
-34.63398611 -1.22575028 0.00000000
-34.35382794 -1.52970266 0.00000000
-34.09127779 -1.70142885 0.00000000
-33.90634849 -1.76591046 0.00000000
-33.84015676 -1.77348747 0.00000000
-33.77604641 -1.78012990 0.00000000
-33.59561931 -1.83802034 0.00000000
-33.33503827 -1.99368328 0.00000000
-33.04775486 -2.27193834 0.00000000
-32.79266174 -2.67039491 0.00000000
-32.62103890 -3.15997823 0.00000000
-32.56518735 -3.69137023 0.00000000
-32.63126973 -4.20593738 0.00000000
-32.79794467 -4.64872356 0.00000000
-33.02109777 -4.98062765 0.00000000
-33.24362034 -5.18706683 0.00000000
-33.40806857 -5.28120513 0.00000000
-33.46939693 -5.30103170 0.00000000
-33.53256685 -5.32220516 0.00000000
-33.70004853 -5.42372666 0.00000000
-33.92115744 -5.64628747 0.00000000
-34.13199823 -6.00184591 0.00000000
-34.27058509 -6.47079344 0.00000000
-34.29151047 -7.00659047 0.00000000
-34.17669071 -7.54677496 0.00000000
-33.93964615 -8.02773878 0.00000000
-33.62230260 -8.39977531 0.00000000
-33.28507131 -8.63883744 0.00000000
-32.99255463 -8.75222376 0.00000000
-32.79825999 -8.77684733 0.00000000
-32.73193937 -8.77049672 0.00000000
-32.66784894 -8.76366471 0.00000000
-32.47932851 -8.78277720 0.00000000
-32.19207765 -8.88086069 0.00000000
-31.85321959 -9.09330562 0.00000000
-31.52085709 -9.43001812 0.00000000
-31.25119451 -9.87322048 0.00000000
-31.08608085 -10.38138809 0.00000000
-31.04373464 -10.89845002 0.00000000
-31.11470691 -11.36621393 0.00000000
-31.26397684 -11.73726126 0.00000000
-31.43871564 -11.98545429 0.00000000
-31.57999783 -12.11172615 0.00000000
-31.63586384 -12.14387034 0.00000000
-31.69325114 -12.17771488 0.00000000
-31.83596543 -12.31183929 0.00000000
-32.00596959 -12.57550774 0.00000000
-32.13827824 -12.96713264 0.00000000
-32.17633698 -13.45464637 0.00000000
-32.08540662 -13.98308558 0.00000000
-31.86078528 -14.48759337 0.00000000
-31.52892270 -14.90876264 0.00000000
-31.14116313 -15.20668985 0.00000000
-30.76159734 -15.37041357 0.00000000
-30.45189851 -15.42050448 0.00000000
-30.25673015 -15.40419385 0.00000000
-30.19317916 -15.38419318 0.00000000
-30.13190971 -15.36418532 0.00000000
-29.94353520 -15.34368455 0.00000000
-29.64216875 -15.37990187 0.00000000
-29.26654577 -15.51725182 0.00000000
-28.87143972 -15.77750429 0.00000000
-28.51552297 -16.15495562 0.00000000
-28.24836345 -16.61768949 0.00000000
-28.09943938 -17.11464810 0.00000000
-28.07160716 -17.58694621 0.00000000
-28.14047010 -17.98092023 0.00000000
-28.25978821 -18.26001988 0.00000000
-28.37172965 -18.41290662 0.00000000
-28.41969169 -18.45596358 0.00000000
-28.46878827 -18.50100002 0.00000000
-28.58049788 -18.66186546 0.00000000
-28.69196729 -18.95511798 0.00000000
-28.73996128 -19.36569345 0.00000000
-28.67582854 -19.85046669 0.00000000
-28.47701653 -20.34845275 0.00000000
-28.15241064 -20.79523443 0.00000000
-27.74023405 -21.13820204 0.00000000
-27.29900540 -21.34899907 0.00000000
-26.89369396 -21.43022887 0.00000000
-26.58034831 -21.41483517 0.00000000
-26.39283602 -21.35830318 0.00000000
-26.33483214 -21.32552658 0.00000000
-26.27906144 -21.29321730 0.00000000
-26.09906571 -21.23399926 0.00000000
-25.79675484 -21.20676754 0.00000000
-25.40078346 -21.26301965 0.00000000
-24.96020190 -21.43543782 0.00000000
-24.53358624 -21.73064167 0.00000000
-24.17605701 -22.12771811 0.00000000
-23.92706379 -22.58285393 0.00000000
-23.80164347 -23.03904455 0.00000000
-23.78708979 -23.43872670 0.00000000
-23.84577243 -23.73653499 0.00000000
-23.92348074 -23.90935471 0.00000000
-23.96144265 -23.96144265 0.00000000
-24.00010275 -24.01570269 0.00000000
-24.07592543 -24.19627857 0.00000000
-24.12398834 -24.50629860 0.00000000
-24.08557010 -24.91788053 0.00000000
-23.92204879 -25.37872637 0.00000000
-23.62404418 -25.82449489 0.00000000
-23.21364057 -26.19402396 0.00000000
-22.73916405 -26.44380057 0.00000000
-22.26375014 -26.55825459 0.00000000
-21.85040711 -26.55344034 0.00000000
-21.54710933 -26.47323480 0.00000000
-21.37544830 -26.37895217 0.00000000
-21.32552658 -26.33483214 0.00000000
-21.27769209 -26.29163351 0.00000000
-21.11394182 -26.19628632 0.00000000
-20.82389896 -26.10679570 0.00000000
-20.42488503 -26.07949150 0.00000000
-19.95808348 -26.15653985 0.00000000
-19.47941406 -26.35659441 0.00000000
-19.04714087 -26.67065927 0.00000000
-18.70896070 -27.06408067 0.00000000
-18.49143375 -27.48422608 0.00000000
-18.39409951 -27.87214834 0.00000000
-18.38958196 -28.17564961 0.00000000
-18.42966092 -28.36084928 0.00000000
-18.45596358 -28.41969169 0.00000000
-18.48249757 -28.48080391 0.00000000
-18.51911950 -28.67319819 0.00000000
-18.50167533 -28.98643639 0.00000000
-18.37852394 -29.38103666 0.00000000
-18.12276072 -29.79781392 0.00000000
-17.73858774 -30.17188269 0.00000000
-17.26032302 -30.44800895 0.00000000
-16.74428347 -30.59367813 0.00000000
-16.25546217 -30.60678694 0.00000000
-15.85215261 -30.51613904 0.00000000
-15.57215829 -30.37462704 0.00000000
-15.42385092 -30.24671437 0.00000000
-15.38419318 -30.19317916 0.00000000
-15.34638549 -30.14097918 0.00000000
-15.20603735 -30.01366995 0.00000000
-14.94093877 -29.86583162 0.00000000
-14.55632112 -29.75616442 0.00000000
-14.08370105 -29.73447558 0.00000000
-13.57389802 -29.83063750 0.00000000
-13.08577328 -30.04796464 0.00000000
-12.67318625 -30.36247723 0.00000000
-12.37305964 -30.72821506 0.00000000
-12.19719881 -31.08742336 0.00000000
-12.12967853 -31.38335315 0.00000000
-12.13037648 -31.57283864 0.00000000
-12.14387034 -31.63586384 0.00000000
-12.15711855 -31.70115733 0.00000000
-12.15293919 -31.89696146 0.00000000
-12.07075034 -32.19972781 0.00000000
-11.86824808 -32.56010050 0.00000000
-11.53142104 -32.91459401 0.00000000
-11.07786989 -33.20061443 0.00000000
-10.55264653 -33.37126985 0.00000000
-10.01759735 -33.40646515 0.00000000
-9.53673250 -33.31765584 0.00000000
-9.16108298 -33.14513604 0.00000000
-8.91662920 -32.94850232 0.00000000
-8.79815725 -32.79255002 0.00000000
-8.77049672 -32.73193937 0.00000000
-8.74436820 -32.67301942 0.00000000
-8.63355608 -32.51931219 0.00000000
-8.40498786 -32.31958739 0.00000000
-8.05157612 -32.13235017 0.00000000
-7.59379329 -32.01287205 0.00000000
-7.07513750 -32.00093859 0.00000000
-6.55249461 -32.11202977 0.00000000
-6.08353274 -32.33388784 0.00000000
-5.71392345 -32.62923358 0.00000000
-5.46722200 -32.94402880 0.00000000
-5.33964993 -33.21945355 0.00000000
-5.30093639 -33.40494345 0.00000000
-5.30103170 -33.46939693 0.00000000
-5.30041512 -33.53601806 0.00000000
-5.25561712 -33.72667446 0.00000000
-5.11227563 -34.00573661 0.00000000
-4.83927284 -34.31613171 0.00000000
-4.43610293 -34.59284841 0.00000000
-3.93299597 -34.77832001 0.00000000
-3.38376874 -34.83604612 0.00000000
-2.85309416 -34.75922934 0.00000000
-2.40120185 -34.57238330 0.00000000
-2.06963006 -34.32553155 0.00000000
-1.87140063 -34.08236995 0.00000000
-1.78794188 -33.90519387 0.00000000
-1.77348747 -33.84015676 0.00000000
-1.76018006 -33.77709193 0.00000000
-1.68374699 -33.60370444 0.00000000
-1.50169865 -33.36082210 0.00000000
-1.19493861 -33.10419803 0.00000000
-0.77200034 -32.89215239 0.00000000
-0.26715952 -32.77264510 0.00000000
0.26715952 -32.77264510 0.00000000
0.77200034 -32.89215239 0.00000000
1.19493861 -33.10419803 0.00000000
1.50169865 -33.36082210 0.00000000
1.68374699 -33.60370444 0.00000000
1.76018006 -33.77709193 0.00000000
1.77348747 -33.84015676 0.00000000
1.78794188 -33.90519387 0.00000000
1.87140063 -34.08236995 0.00000000
2.06963006 -34.32553155 0.00000000
2.40120185 -34.57238330 0.00000000
2.85309416 -34.75922934 0.00000000
3.38376874 -34.83604612 0.00000000
3.93299597 -34.77832001 0.00000000
4.43610293 -34.59284841 0.00000000
4.83927284 -34.31613171 0.00000000
5.11227563 -34.00573661 0.00000000
5.25561712 -33.72667446 0.00000000
5.30041512 -33.53601806 0.00000000
5.30103170 -33.46939693 0.00000000
5.30093639 -33.40494345 0.00000000
5.33964993 -33.21945355 0.00000000
5.46722200 -32.94402880 0.00000000
5.71392345 -32.62923358 0.00000000
6.08353274 -32.33388784 0.00000000
6.55249461 -32.11202977 0.00000000
7.07513750 -32.00093859 0.00000000
7.59379329 -32.01287205 0.00000000
8.05157612 -32.13235017 0.00000000
8.40498786 -32.31958739 0.00000000
8.63355608 -32.51931219 0.00000000
8.74436820 -32.67301942 0.00000000
8.77049672 -32.73193937 0.00000000
8.79815725 -32.79255002 0.00000000
8.91662920 -32.94850232 0.00000000
9.16108298 -33.14513604 0.00000000
9.53673250 -33.31765584 0.00000000
10.01759735 -33.40646515 0.00000000
10.55264653 -33.37126985 0.00000000
11.07786989 -33.20061443 0.00000000
11.53142104 -32.91459401 0.00000000
11.86824808 -32.56010050 0.00000000
12.07075034 -32.19972781 0.00000000
12.15293919 -31.89696146 0.00000000
12.15711855 -31.70115733 0.00000000
12.14387034 -31.63586384 0.00000000
12.13037648 -31.57283864 0.00000000
12.12967853 -31.38335315 0.00000000
12.19719881 -31.08742336 0.00000000
12.37305964 -30.72821506 0.00000000
12.67318625 -30.36247723 0.00000000
13.08577328 -30.04796464 0.00000000
13.57389802 -29.83063750 0.00000000
14.08370105 -29.73447558 0.00000000
14.55632112 -29.75616442 0.00000000
14.94093877 -29.86583162 0.00000000
15.20603735 -30.01366995 0.00000000
15.34638549 -30.14097918 0.00000000
15.38419318 -30.19317916 0.00000000
15.42385092 -30.24671437 0.00000000
15.57215829 -30.37462704 0.00000000
15.85215261 -30.51613904 0.00000000
16.25546217 -30.60678694 0.00000000
16.74428347 -30.59367813 0.00000000
17.26032302 -30.44800895 0.00000000
17.73858774 -30.17188269 0.00000000
18.12276072 -29.79781392 0.00000000
18.37852394 -29.38103666 0.00000000
18.50167533 -28.98643639 0.00000000
18.51911950 -28.67319819 0.00000000
18.48249757 -28.48080391 0.00000000
18.45596358 -28.41969169 0.00000000
18.42966092 -28.36084928 0.00000000
18.38958196 -28.17564961 0.00000000
18.39409951 -27.87214834 0.00000000
18.49143375 -27.48422608 0.00000000
18.70896070 -27.06408067 0.00000000
19.04714087 -26.67065927 0.00000000
19.47941406 -26.35659441 0.00000000
19.95808348 -26.15653985 0.00000000
20.42488503 -26.07949150 0.00000000
20.82389896 -26.10679570 0.00000000
21.11394182 -26.19628632 0.00000000
21.27769209 -26.29163351 0.00000000
21.32552658 -26.33483214 0.00000000
21.37544830 -26.37895217 0.00000000
21.54710933 -26.47323480 0.00000000
21.85040711 -26.55344034 0.00000000
22.26375014 -26.55825459 0.00000000
22.73916405 -26.44380057 0.00000000
23.21364057 -26.19402396 0.00000000
23.62404418 -25.82449489 0.00000000
23.92204879 -25.37872637 0.00000000
24.08557010 -24.91788053 0.00000000
24.12398834 -24.50629860 0.00000000
24.07592543 -24.19627857 0.00000000
24.00010275 -24.01570269 0.00000000
23.96144265 -23.96144265 0.00000000
23.92348074 -23.90935471 0.00000000
23.84577243 -23.73653499 0.00000000
23.78708979 -23.43872670 0.00000000
23.80164347 -23.03904455 0.00000000
23.92706379 -22.58285393 0.00000000
24.17605701 -22.12771811 0.00000000
24.53358624 -21.73064167 0.00000000
24.96020190 -21.43543782 0.00000000
25.40078346 -21.26301965 0.00000000
25.79675484 -21.20676754 0.00000000
26.09906571 -21.23399926 0.00000000
26.27906144 -21.29321730 0.00000000
26.33483214 -21.32552658 0.00000000
26.39283602 -21.35830318 0.00000000
26.58034831 -21.41483517 0.00000000
26.89369396 -21.43022887 0.00000000
27.29900540 -21.34899907 0.00000000
27.74023405 -21.13820204 0.00000000
28.15241064 -20.79523443 0.00000000
28.47701653 -20.34845275 0.00000000
28.67582854 -19.85046669 0.00000000
28.73996128 -19.36569345 0.00000000
28.69196729 -18.95511798 0.00000000
28.58049788 -18.66186546 0.00000000
28.46878827 -18.50100002 0.00000000
28.41969169 -18.45596358 0.00000000
28.37172965 -18.41290662 0.00000000
28.25978821 -18.26001988 0.00000000
28.14047010 -17.98092023 0.00000000
28.07160716 -17.58694621 0.00000000
28.09943938 -17.11464810 0.00000000
28.24836345 -16.61768949 0.00000000
28.51552297 -16.15495562 0.00000000
28.87143972 -15.77750429 0.00000000
29.26654577 -15.51725182 0.00000000
29.64216875 -15.37990187 0.00000000
29.94353520 -15.34368455 0.00000000
30.13190971 -15.36418532 0.00000000
30.19317916 -15.38419318 0.00000000
30.25673015 -15.40419385 0.00000000
30.45189851 -15.42050448 0.00000000
30.76159734 -15.37041357 0.00000000
31.14116313 -15.20668985 0.00000000
31.52892270 -14.90876264 0.00000000
31.86078528 -14.48759337 0.00000000
32.08540662 -13.98308558 0.00000000
32.17633698 -13.45464637 0.00000000
32.13827824 -12.96713264 0.00000000
32.00596959 -12.57550774 0.00000000
31.83596543 -12.31183929 0.00000000
31.69325114 -12.17771488 0.00000000
31.63586384 -12.14387034 0.00000000
31.57999783 -12.11172615 0.00000000
31.43871564 -11.98545429 0.00000000
31.26397684 -11.73726126 0.00000000
31.11470691 -11.36621393 0.00000000
31.04373464 -10.89845002 0.00000000
31.08608085 -10.38138809 0.00000000
31.25119451 -9.87322048 0.00000000
31.52085709 -9.43001812 0.00000000
31.85321959 -9.09330562 0.00000000
32.19207765 -8.88086069 0.00000000
32.47932851 -8.78277720 0.00000000
32.66784894 -8.76366471 0.00000000
32.73193937 -8.77049672 0.00000000
32.79825999 -8.77684733 0.00000000
32.99255463 -8.75222376 0.00000000
33.28507131 -8.63883744 0.00000000
33.62230260 -8.39977531 0.00000000
33.93964615 -8.02773878 0.00000000
34.17669071 -7.54677496 0.00000000
34.29151047 -7.00659047 0.00000000
34.27058509 -6.47079344 0.00000000
34.13199823 -6.00184591 0.00000000
33.92115744 -5.64628747 0.00000000
33.70004853 -5.42372666 0.00000000
33.53256685 -5.32220516 0.00000000
33.46939693 -5.30103170 0.00000000
33.40806857 -5.28120513 0.00000000
33.24362034 -5.18706683 0.00000000
33.02109777 -4.98062765 0.00000000
32.79794467 -4.64872356 0.00000000
32.63126973 -4.20593738 0.00000000
32.56518735 -3.69137023 0.00000000
32.62103890 -3.15997823 0.00000000
32.79266174 -2.67039491 0.00000000
33.04775486 -2.27193834 0.00000000
33.33503827 -1.99368328 0.00000000
33.59561931 -1.83802034 0.00000000
33.77604641 -1.78012990 0.00000000
33.84015676 -1.77348747 0.00000000
