33.69617080 -3.58741426 -5.00000000
33.76304606 -3.57989223 -5.00000000
33.95216722 -3.51573922 -5.00000000
34.22481629 -3.34476227 -5.00000000
34.52190716 -3.04193739 -5.00000000
34.77807733 -2.61333272 -5.00000000
34.93725970 -2.09472775 -5.00000000
34.96596155 -1.54322157 -5.00000000
34.86109671 -1.02377079 -5.00000000
34.65058210 -0.59381612 -5.00000000
34.38664847 -0.28964014 -5.00000000
34.13350589 -0.11771673 -5.00000000
33.95226183 -0.05314353 -5.00000000
33.88656655 -0.04555308 -5.00000000
33.82290142 -0.03889841 -5.00000000
33.64585549 0.01908459 -5.00000000
33.39414497 0.17501752 -5.00000000
33.12264812 0.45385792 -5.00000000
32.89014139 0.85338866 -5.00000000
32.74613739 1.34466620 -5.00000000
32.71986376 1.87833889 -5.00000000
32.81388773 2.39550521 -5.00000000
33.00372413 2.84077439 -5.00000000
33.24336459 3.17462759 -5.00000000
33.47542758 3.38226314 -5.00000000
33.64374148 3.47689982 -5.00000000
33.70569399 3.49680719 -5.00000000
33.76954394 3.51806899 -5.00000000
33.94119420 3.62014061 -5.00000000
34.17233711 3.84406823 -5.00000000
34.39997501 4.20204433 -5.00000000
34.56143532 4.67454373 -5.00000000
34.60931514 5.21491182 -5.00000000
34.52272520 5.76033371 -5.00000000
34.31215202 6.24663062 -5.00000000
34.01684506 6.62342130 -5.00000000
33.69543727 6.86607541 -5.00000000
33.41208157 6.98161059 -5.00000000
33.22137261 7.00708995 -5.00000000
33.15553479 7.00085571 -5.00000000
33.09187730 6.99412824 -5.00000000
32.90664491 7.01403425 -5.00000000
32.62801460 7.11422611 -5.00000000
32.30447642 7.33052581 -5.00000000
31.99398341 7.67298498 -5.00000000
31.75098390 8.12358681 -5.00000000
31.61432761 8.64013488 -5.00000000
31.59877202 9.16554855 -5.00000000
31.69188336 9.64055674 -5.00000000
31.85687512 10.01693850 -5.00000000
32.04069712 10.26828533 -5.00000000
32.18565689 10.39584839 -5.00000000
32.24211661 10.42820139 -5.00000000
32.30015071 10.46227372 -5.00000000
32.44682811 10.59780293 -5.00000000
32.62636283 10.86489451 -5.00000000
32.77459888 11.26237655 -5.00000000
32.83429275 11.75812019 -5.00000000
32.76877744 12.29663471 -5.00000000
32.57068011 12.81213477 -5.00000000
32.26360164 13.24402430 -5.00000000
31.89640865 13.55118343 -5.00000000
31.53157377 13.72171053 -5.00000000
31.23038897 13.77580802 -5.00000000
31.03854999 13.76107997 -5.00000000
30.97544705 13.74129352 -5.00000000
30.91457936 13.72147792 -5.00000000
30.72925605 13.70243695 -5.00000000
30.43588341 13.74250889 -5.00000000
30.07444409 13.88681455 -5.00000000
29.69953483 14.15723503 -5.00000000
29.36816005 14.54746770 -5.00000000
29.12709365 15.02431551 -5.00000000
29.00263834 15.53501344 -5.00000000
28.99495522 16.01900050 -5.00000000
29.07808735 16.42146114 -5.00000000
29.20563445 16.70553417 -5.00000000
29.32090465 16.86044851 -5.00000000
29.36940402 16.90383315 -5.00000000
29.41908590 16.94922689 -5.00000000
29.53437994 17.11229040 -5.00000000
29.65445994 17.41087276 -5.00000000
29.71681551 17.83048887 -5.00000000
29.67213402 18.32781037 -5.00000000
29.49608691 18.84093566 -5.00000000
29.19514000 19.30398405 -5.00000000
28.80497705 19.66259056 -5.00000000
28.38194614 19.88669381 -5.00000000
27.98962920 19.97764105 -5.00000000
27.68377850 19.96793654 -5.00000000
27.49919380 19.91364477 -5.00000000
27.44158365 19.88117085 -5.00000000
27.38616596 19.84913317 -5.00000000
27.20885124 19.79197741 -5.00000000
26.91355808 19.77017808 -5.00000000
26.53001423 19.83618285 -5.00000000
26.10707407 20.02274598 -5.00000000
25.70180669 20.33555444 -5.00000000
25.36686593 20.75186146 -5.00000000
25.13895019 21.22552370 -5.00000000
25.03080841 21.69733707 -5.00000000
25.02844762 22.10828712 -5.00000000
25.09414541 22.41267101 -5.00000000
25.17468818 22.58816611 -5.00000000
25.21310754 22.64068629 -5.00000000
25.25226587 22.69541751 -5.00000000
25.33113765 22.87888867 -5.00000000
25.38651485 23.19591232 -5.00000000
25.36026471 23.61932326 -5.00000000
25.21316066 24.09648730 -5.00000000
24.93427586 24.56179732 -5.00000000
24.54363218 24.95215661 -5.00000000
24.08743674 25.22180726 -5.00000000
23.62705638 25.35306025 -5.00000000
23.22440351 25.36045279 -5.00000000
22.92725407 25.28737041 -5.00000000
22.75799088 25.19588773 -5.00000000
22.70839136 25.15214563 -5.00000000
22.66084568 25.10928605 -5.00000000
22.49928907 25.01651349 -5.00000000
22.21498111 24.93379562 -5.00000000
21.82609545 24.91861478 -5.00000000
21.37360889 25.01316686 -5.00000000
20.91216104 25.23487987 -5.00000000
20.49798445 25.57245148 -5.00000000
20.17656930 25.98837672 -5.00000000
19.97269515 26.42739589 -5.00000000
19.88494464 26.82887486 -5.00000000
19.88592180 27.14026658 -5.00000000
19.92821703 27.32867248 -5.00000000
19.95487728 27.38803279 -5.00000000
19.98180065 27.44970948 -5.00000000
20.02080309 27.64556972 -5.00000000
20.00905724 27.96717921 -5.00000000
19.89534864 28.37587990 -5.00000000
19.65225119 28.81203210 -5.00000000
19.28271729 29.20919057 -5.00000000
18.81944986 29.50980018 -5.00000000
18.31715986 29.67870996 -5.00000000
17.83955089 29.71137630 -5.00000000
17.44415996 29.63489106 -5.00000000
17.16869862 29.50162486 -5.00000000
17.02215456 29.37694950 -5.00000000
16.98273340 29.32385094 -5.00000000
16.94513772 29.27204265 -5.00000000
16.80640001 29.14770788 -5.00000000
16.54550287 29.00768665 -5.00000000
16.16827157 28.91198367 -5.00000000
15.70601444 28.91039231 -5.00000000
15.20855361 29.03131996 -5.00000000
14.73324268 29.27540267 -5.00000000
14.33237550 29.61541297 -5.00000000
14.04167928 30.00245071 -5.00000000
13.87237415 30.37691204 -5.00000000
13.80858799 30.68170226 -5.00000000
13.81078717 30.87478471 -5.00000000
13.82452313 30.93839084 -5.00000000
13.83803485 31.00431743 -5.00000000
13.83546336 31.20400672 -5.00000000
13.75710781 31.51614616 -5.00000000
13.56091037 31.89227441 -5.00000000
13.23244404 32.26835284 -5.00000000
12.78841146 32.58000203 -5.00000000
12.27276728 32.77772389 -5.00000000
11.74633520 32.83851062 -5.00000000
11.27237142 32.77116263 -5.00000000
10.90152290 32.61414238 -5.00000000
10.65978866 32.42651673 -5.00000000
10.54236840 32.27409760 -5.00000000
10.51484850 32.21396326 -5.00000000
10.48884592 32.15547052 -5.00000000
10.37899062 32.00500757 -5.00000000
10.15290676 31.81380257 -5.00000000
9.80381663 31.64176014 -5.00000000
9.35199180 31.54409489 -5.00000000
8.84025940 31.55895206 -5.00000000
8.32458751 31.69887828 -5.00000000
7.86178812 31.94811357 -5.00000000
7.49697464 32.26625446 -5.00000000
7.25351435 32.59733240 -5.00000000
7.12775262 32.88220033 -5.00000000
7.08975965 33.07152070 -5.00000000
7.08997098 33.13659275 -5.00000000
7.08948053 33.20388793 -5.00000000
7.04544749 33.39867888 -5.00000000
6.90390676 33.68770630 -5.00000000
6.63379525 34.01482350 -5.00000000
6.23431559 34.31439173 -5.00000000
5.73519068 34.52691107 -5.00000000
5.18970587 34.61310378 -5.00000000
4.66213933 34.56311079 -5.00000000
4.21253523 34.39869190 -5.00000000
3.88243698 34.16799917 -5.00000000
3.68499478 33.93421422 -5.00000000
3.60183015 33.76071278 -5.00000000
3.58741426 33.69617080 -5.00000000
3.57414123 33.63355003 -5.00000000
3.49796953 33.46353486 -5.00000000
3.31657990 33.22950267 -5.00000000
3.01088787 32.98863986 -5.00000000
2.58924223 32.79916916 -5.00000000
2.08560344 32.70730652 -5.00000000
1.55210792 32.73696080 -5.00000000
1.04760288 32.88452830 -5.00000000
0.62461624 33.11986805 -5.00000000
0.31764116 33.39309291 -5.00000000
0.13540025 33.64558846 -5.00000000
0.05887560 33.82287254 -5.00000000
0.04555308 33.88656655 -5.00000000
0.03108189 33.95228919 -5.00000000
-0.05248823 34.13366852 -5.00000000
-0.25102814 34.38695202 -5.00000000
-0.58324856 34.65076159 -5.00000000
-1.03628237 34.86072703 -5.00000000
-1.56868546 34.96482841 -5.00000000
-2.12017058 34.93572493 -5.00000000
-2.62581440 34.77713716 -5.00000000
-3.03140897 34.52283327 -5.00000000
-3.30633006 34.22855045 -5.00000000
-3.45085105 33.95882372 -5.00000000
-3.49612535 33.77182280 -5.00000000
-3.49680719 33.70569399 -5.00000000
-3.49677059 33.64168201 -5.00000000
-3.53592961 33.45954509 -5.00000000
-3.66469741 33.19291404 -5.00000000
-3.91363115 32.89375772 -5.00000000
-4.28666964 32.62076235 -5.00000000
-4.76020340 32.42619473 -5.00000000
-5.28820623 32.34428104 -5.00000000
-5.81236764 32.38373134 -5.00000000
-6.27504089 32.52598449 -5.00000000
-6.63211447 32.72941502 -5.00000000
-6.86286975 32.93850292 -5.00000000
-6.97458159 33.09600255 -5.00000000
-7.00085571 33.15553479 -5.00000000
-7.02867518 33.21681250 -5.00000000
-7.14812998 33.37685305 -5.00000000
-7.39499191 33.58332293 -5.00000000
-7.77480161 33.77229511 -5.00000000
-8.26158981 33.88348129 -5.00000000
-8.80400251 33.87461498 -5.00000000
-9.33738541 33.73148727 -5.00000000
-9.79900745 33.47123576 -5.00000000
-10.14286605 33.13816117 -5.00000000
-10.35059461 32.79314983 -5.00000000
-10.43587813 32.49926967 -5.00000000
-10.44128341 32.30694211 -5.00000000
-10.42820139 32.24211661 -5.00000000
-10.41485675 32.17951106 -5.00000000
-10.41529166 31.99321265 -5.00000000
-10.48580986 31.70563580 -5.00000000
-10.66710570 31.36126052 -5.00000000
-10.97523348 31.01667170 -5.00000000
-11.39796651 30.72790264 -5.00000000
-11.89740040 30.53800100 -5.00000000
-12.41830980 30.46760993 -5.00000000
-12.90044862 30.51055933 -5.00000000
-13.29201487 30.63530464 -5.00000000
-13.56119942 30.79184675 -5.00000000
-13.70321610 30.92267844 -5.00000000
-13.74129352 30.97544705 -5.00000000
-13.78124541 31.02960171 -5.00000000
-13.93136414 31.16130894 -5.00000000
-14.21575905 31.31194148 -5.00000000
-14.62655852 31.41781729 -5.00000000
-15.12582614 31.42536482 -5.00000000
-15.65454241 31.30391832 -5.00000000
-16.14651169 31.05302176 -5.00000000
-16.54393685 30.70248075 -5.00000000
-16.81103121 30.30519241 -5.00000000
-16.94248851 29.92453120 -5.00000000
-16.96480727 29.61934159 -5.00000000
-16.93010727 29.43009302 -5.00000000
-16.90383315 29.36940402 -5.00000000
-16.87776370 29.31094106 -5.00000000
-16.83945548 29.12862329 -5.00000000
-16.84864211 28.83266913 -5.00000000
-16.95437655 28.45812575 -5.00000000
-17.18412695 28.05700365 -5.00000000
-17.53758378 27.68665376 -5.00000000
-17.98662108 27.39706378 -5.00000000
-18.48151223 27.21990777 -5.00000000
-18.96204485 27.16167632 -5.00000000
-19.37099044 27.20228445 -5.00000000
-19.66683960 27.29943912 -5.00000000
-19.83295431 27.39788489 -5.00000000
-19.88117085 27.44158365 -5.00000000
-19.93150909 27.48624843 -5.00000000
-20.10573084 27.58386610 -5.00000000
-20.41522930 27.67207793 -5.00000000
-20.83906464 27.69023009 -5.00000000
-21.32899128 27.59380911 -5.00000000
-21.82090369 27.36509021 -5.00000000
-22.24995793 27.01739018 -5.00000000
-22.56581682 26.59188000 -5.00000000
-22.74447364 26.14774132 -5.00000000
-22.79391437 25.74806696 -5.00000000
-22.75229291 25.44490614 -5.00000000
-22.67900421 25.26700765 -5.00000000
-22.64068629 25.21310754 -5.00000000
-22.60303138 25.16134229 -5.00000000
-22.52765430 24.99097332 -5.00000000
-22.47510784 24.69957646 -5.00000000
-22.50065978 24.31123433 -5.00000000
-22.64199162 23.87110992 -5.00000000
-22.91072450 23.43536525 -5.00000000
-23.28974010 23.05874340 -5.00000000
-23.73698389 22.78256502 -5.00000000
-24.19490872 22.62569772 -5.00000000
-24.60336078 22.58039389 -5.00000000
-24.91294451 22.61391500 -5.00000000
-25.09589725 22.67567231 -5.00000000
-25.15214563 22.70839136 -5.00000000
-25.21067018 22.74161420 -5.00000000
-25.40138062 22.80087595 -5.00000000
-25.72245607 22.82281179 -5.00000000
-26.14080364 22.75244696 -5.00000000
-26.59997715 22.55627154 -5.00000000
-27.03358676 22.23027636 -5.00000000
-27.38097424 21.80096901 -5.00000000
-27.60146231 21.31908649 -5.00000000
-27.68387343 20.84750847 -5.00000000
-27.64913679 20.44628864 -5.00000000
-27.54539418 20.15840621 -5.00000000
-27.43671984 19.99963280 -5.00000000
-27.38803279 19.95487728 -5.00000000
-27.34043813 19.91207212 -5.00000000
-27.23128652 19.76109790 -5.00000000
-27.11930351 19.48699378 -5.00000000
-27.06355622 19.10182531 -5.00000000
-27.11029260 18.64193413 -5.00000000
-27.28255661 18.15983882 -5.00000000
-27.57498573 17.71264529 -5.00000000
-27.95503546 17.34951486 -5.00000000
-28.37033899 17.10086756 -5.00000000
-28.76044619 16.97163177 -5.00000000
-29.07023420 16.94005429 -5.00000000
-29.26202905 16.96242404 -5.00000000
-29.32385094 16.98273340 -5.00000000
-29.38800401 17.00306230 -5.00000000
-29.58686818 17.02137811 -5.00000000
-29.90548808 16.97607926 -5.00000000
-30.30006408 16.82027272 -5.00000000
-30.70841639 16.53291666 -5.00000000
-31.06477237 16.12389275 -5.00000000
-31.31531058 15.63174088 -5.00000000
-31.43079145 15.11454660 -5.00000000
-31.41335511 14.63613946 -5.00000000
-31.29595925 14.25090940 -5.00000000
-31.13462955 13.99088719 -5.00000000
-30.99531915 13.85817803 -5.00000000
-30.93839084 13.82452313 -5.00000000
-30.88293654 13.79254885 -5.00000000
-30.74478085 13.66756768 -5.00000000
-30.57825549 13.42273596 -5.00000000
-30.44364538 13.05757486 -5.00000000
-30.39374371 12.59801637 -5.00000000
-30.46201009 12.09064030 -5.00000000
-30.65507216 11.59241958 -5.00000000
-30.95131783 11.15820764 -5.00000000
-31.30584930 10.82864742 -5.00000000
-31.66056209 10.62112790 -5.00000000
-31.95701517 10.52583191 -5.00000000
-32.14926977 10.50783644 -5.00000000
-32.21396326 10.51484850 -5.00000000
-32.28094105 10.52139499 -5.00000000
-32.47926763 10.49796437 -5.00000000
-32.78150676 10.38741061 -5.00000000
-33.13506632 10.15297185 -5.00000000
-33.47475047 9.78699399 -5.00000000
-33.73827837 9.31281766 -5.00000000
-33.88101759 8.77933067 -5.00000000
-33.88644419 8.24942850 -5.00000000
-33.76992243 7.78510092 -5.00000000
-33.57499813 7.43269704 -5.00000000
-33.36313221 7.21189926 -5.00000000
-33.19927429 7.11105438 -5.00000000
-33.13659275 7.08997098 -5.00000000
-33.07570244 7.07022501 -5.00000000
-32.91458073 6.97669916 -5.00000000
-32.70079097 6.77184018 -5.00000000
-32.49320115 6.44264574 -5.00000000
-32.34884237 6.00350484 -5.00000000
-32.31012755 5.49302277 -5.00000000
-32.39538484 4.96554952 -5.00000000
-32.59487909 4.47923321 -5.00000000
-32.87314378 4.08316344 -5.00000000
-33.17695951 3.80642978 -5.00000000
-33.44712122 3.65158017 -5.00000000
-33.63143313 3.59400596 -5.00000000
-33.69617080 3.58741426 -5.00000000
-33.76304606 3.57989223 -5.00000000
-33.95216722 3.51573922 -5.00000000
-34.22481629 3.34476227 -5.00000000
-34.52190716 3.04193739 -5.00000000
-34.77807733 2.61333272 -5.00000000
-34.93725970 2.09472775 -5.00000000
-34.96596155 1.54322157 -5.00000000
-34.86109671 1.02377079 -5.00000000
-34.65058210 0.59381612 -5.00000000
-34.38664847 0.28964014 -5.00000000
-34.13350589 0.11771673 -5.00000000
-33.95226183 0.05314353 -5.00000000
-33.88656655 0.04555308 -5.00000000
-33.82290142 0.03889841 -5.00000000
-33.64585549 -0.01908459 -5.00000000
-33.39414497 -0.17501752 -5.00000000
-33.12264812 -0.45385792 -5.00000000
-32.89014139 -0.85338866 -5.00000000
-32.74613739 -1.34466620 -5.00000000
-32.71986376 -1.87833889 -5.00000000
-32.81388773 -2.39550521 -5.00000000
-33.00372413 -2.84077439 -5.00000000
-33.24336459 -3.17462759 -5.00000000
-33.47542758 -3.38226314 -5.00000000
-33.64374148 -3.47689982 -5.00000000
-33.70569399 -3.49680719 -5.00000000
-33.76954394 -3.51806899 -5.00000000
-33.94119420 -3.62014061 -5.00000000
-34.17233711 -3.84406823 -5.00000000
-34.39997501 -4.20204433 -5.00000000
-34.56143532 -4.67454373 -5.00000000
-34.60931514 -5.21491182 -5.00000000
-34.52272520 -5.76033371 -5.00000000
-34.31215202 -6.24663062 -5.00000000
-34.01684506 -6.62342130 -5.00000000
-33.69543727 -6.86607541 -5.00000000
-33.41208157 -6.98161059 -5.00000000
-33.22137261 -7.00708995 -5.00000000
-33.15553479 -7.00085571 -5.00000000
-33.09187730 -6.99412824 -5.00000000
-32.90664491 -7.01403425 -5.00000000
-32.62801460 -7.11422611 -5.00000000
-32.30447642 -7.33052581 -5.00000000
-31.99398341 -7.67298498 -5.00000000
-31.75098390 -8.12358681 -5.00000000
-31.61432761 -8.64013488 -5.00000000
-31.59877202 -9.16554855 -5.00000000
-31.69188336 -9.64055674 -5.00000000
-31.85687512 -10.01693850 -5.00000000
-32.04069712 -10.26828533 -5.00000000
-32.18565689 -10.39584839 -5.00000000
-32.24211661 -10.42820139 -5.00000000
-32.30015071 -10.46227372 -5.00000000
-32.44682811 -10.59780293 -5.00000000
-32.62636283 -10.86489451 -5.00000000
-32.77459888 -11.26237655 -5.00000000
-32.83429275 -11.75812019 -5.00000000
-32.76877744 -12.29663471 -5.00000000
-32.57068011 -12.81213477 -5.00000000
-32.26360164 -13.24402430 -5.00000000
-31.89640865 -13.55118343 -5.00000000
-31.53157377 -13.72171053 -5.00000000
-31.23038897 -13.77580802 -5.00000000
-31.03854999 -13.76107997 -5.00000000
-30.97544705 -13.74129352 -5.00000000
-30.91457936 -13.72147792 -5.00000000
-30.72925605 -13.70243695 -5.00000000
-30.43588341 -13.74250889 -5.00000000
-30.07444409 -13.88681455 -5.00000000
-29.69953483 -14.15723503 -5.00000000
-29.36816005 -14.54746770 -5.00000000
-29.12709365 -15.02431551 -5.00000000
-29.00263834 -15.53501344 -5.00000000
-28.99495522 -16.01900050 -5.00000000
-29.07808735 -16.42146114 -5.00000000
-29.20563445 -16.70553417 -5.00000000
-29.32090465 -16.86044851 -5.00000000
-29.36940402 -16.90383315 -5.00000000
-29.41908590 -16.94922689 -5.00000000
-29.53437994 -17.11229040 -5.00000000
-29.65445994 -17.41087276 -5.00000000
-29.71681551 -17.83048887 -5.00000000
-29.67213402 -18.32781037 -5.00000000
-29.49608691 -18.84093566 -5.00000000
-29.19514000 -19.30398405 -5.00000000
-28.80497705 -19.66259056 -5.00000000
-28.38194614 -19.88669381 -5.00000000
-27.98962920 -19.97764105 -5.00000000
-27.68377850 -19.96793654 -5.00000000
-27.49919380 -19.91364477 -5.00000000
-27.44158365 -19.88117085 -5.00000000
-27.38616596 -19.84913317 -5.00000000
-27.20885124 -19.79197741 -5.00000000
-26.91355808 -19.77017808 -5.00000000
-26.53001423 -19.83618285 -5.00000000
-26.10707407 -20.02274598 -5.00000000
-25.70180669 -20.33555444 -5.00000000
-25.36686593 -20.75186146 -5.00000000
-25.13895019 -21.22552370 -5.00000000
-25.03080841 -21.69733707 -5.00000000
-25.02844762 -22.10828712 -5.00000000
-25.09414541 -22.41267101 -5.00000000
-25.17468818 -22.58816611 -5.00000000
-25.21310754 -22.64068629 -5.00000000
-25.25226587 -22.69541751 -5.00000000
-25.33113765 -22.87888867 -5.00000000
-25.38651485 -23.19591232 -5.00000000
-25.36026471 -23.61932326 -5.00000000
-25.21316066 -24.09648730 -5.00000000
-24.93427586 -24.56179732 -5.00000000
-24.54363218 -24.95215661 -5.00000000
-24.08743674 -25.22180726 -5.00000000
-23.62705638 -25.35306025 -5.00000000
-23.22440351 -25.36045279 -5.00000000
-22.92725407 -25.28737041 -5.00000000
-22.75799088 -25.19588773 -5.00000000
-22.70839136 -25.15214563 -5.00000000
-22.66084568 -25.10928605 -5.00000000
-22.49928907 -25.01651349 -5.00000000
-22.21498111 -24.93379562 -5.00000000
-21.82609545 -24.91861478 -5.00000000
-21.37360889 -25.01316686 -5.00000000
-20.91216104 -25.23487987 -5.00000000
-20.49798445 -25.57245148 -5.00000000
-20.17656930 -25.98837672 -5.00000000
-19.97269515 -26.42739589 -5.00000000
-19.88494464 -26.82887486 -5.00000000
-19.88592180 -27.14026658 -5.00000000
-19.92821703 -27.32867248 -5.00000000
-19.95487728 -27.38803279 -5.00000000
-19.98180065 -27.44970948 -5.00000000
-20.02080309 -27.64556972 -5.00000000
-20.00905724 -27.96717921 -5.00000000
-19.89534864 -28.37587990 -5.00000000
-19.65225119 -28.81203210 -5.00000000
-19.28271729 -29.20919057 -5.00000000
-18.81944986 -29.50980018 -5.00000000
-18.31715986 -29.67870996 -5.00000000
-17.83955089 -29.71137630 -5.00000000
-17.44415996 -29.63489106 -5.00000000
-17.16869862 -29.50162486 -5.00000000
-17.02215456 -29.37694950 -5.00000000
-16.98273340 -29.32385094 -5.00000000
-16.94513772 -29.27204265 -5.00000000
-16.80640001 -29.14770788 -5.00000000
-16.54550287 -29.00768665 -5.00000000
-16.16827157 -28.91198367 -5.00000000
-15.70601444 -28.91039231 -5.00000000
-15.20855361 -29.03131996 -5.00000000
-14.73324268 -29.27540267 -5.00000000
-14.33237550 -29.61541297 -5.00000000
-14.04167928 -30.00245071 -5.00000000
-13.87237415 -30.37691204 -5.00000000
-13.80858799 -30.68170226 -5.00000000
-13.81078717 -30.87478471 -5.00000000
-13.82452313 -30.93839084 -5.00000000
-13.83803485 -31.00431743 -5.00000000
-13.83546336 -31.20400672 -5.00000000
-13.75710781 -31.51614616 -5.00000000
-13.56091037 -31.89227441 -5.00000000
-13.23244404 -32.26835284 -5.00000000
-12.78841146 -32.58000203 -5.00000000
-12.27276728 -32.77772389 -5.00000000
-11.74633520 -32.83851062 -5.00000000
-11.27237142 -32.77116263 -5.00000000
-10.90152290 -32.61414238 -5.00000000
-10.65978866 -32.42651673 -5.00000000
-10.54236840 -32.27409760 -5.00000000
-10.51484850 -32.21396326 -5.00000000
-10.48884592 -32.15547052 -5.00000000
-10.37899062 -32.00500757 -5.00000000
-10.15290676 -31.81380257 -5.00000000
-9.80381663 -31.64176014 -5.00000000
-9.35199180 -31.54409489 -5.00000000
-8.84025940 -31.55895206 -5.00000000
-8.32458751 -31.69887828 -5.00000000
-7.86178812 -31.94811357 -5.00000000
-7.49697464 -32.26625446 -5.00000000
-7.25351435 -32.59733240 -5.00000000
-7.12775262 -32.88220033 -5.00000000
-7.08975965 -33.07152070 -5.00000000
-7.08997098 -33.13659275 -5.00000000
-7.08948053 -33.20388793 -5.00000000
-7.04544749 -33.39867888 -5.00000000
-6.90390676 -33.68770630 -5.00000000
-6.63379525 -34.01482350 -5.00000000
-6.23431559 -34.31439173 -5.00000000
-5.73519068 -34.52691107 -5.00000000
-5.18970587 -34.61310378 -5.00000000
-4.66213933 -34.56311079 -5.00000000
-4.21253523 -34.39869190 -5.00000000
-3.88243698 -34.16799917 -5.00000000
-3.68499478 -33.93421422 -5.00000000
-3.60183015 -33.76071278 -5.00000000
-3.58741426 -33.69617080 -5.00000000
-3.57414123 -33.63355003 -5.00000000
-3.49796953 -33.46353486 -5.00000000
-3.31657990 -33.22950267 -5.00000000
-3.01088787 -32.98863986 -5.00000000
-2.58924223 -32.79916916 -5.00000000
-2.08560344 -32.70730652 -5.00000000
-1.55210792 -32.73696080 -5.00000000
-1.04760288 -32.88452830 -5.00000000
-0.62461624 -33.11986805 -5.00000000
-0.31764116 -33.39309291 -5.00000000
-0.13540025 -33.64558846 -5.00000000
-0.05887560 -33.82287254 -5.00000000
-0.04555308 -33.88656655 -5.00000000
-0.03108189 -33.95228919 -5.00000000
0.05248823 -34.13366852 -5.00000000
0.25102814 -34.38695202 -5.00000000
0.58324856 -34.65076159 -5.00000000
1.03628237 -34.86072703 -5.00000000
1.56868546 -34.96482841 -5.00000000
2.12017058 -34.93572493 -5.00000000
2.62581440 -34.77713716 -5.00000000
3.03140897 -34.52283327 -5.00000000
3.30633006 -34.22855045 -5.00000000
3.45085105 -33.95882372 -5.00000000
3.49612535 -33.77182280 -5.00000000
3.49680719 -33.70569399 -5.00000000
3.49677059 -33.64168201 -5.00000000
3.53592961 -33.45954509 -5.00000000
3.66469741 -33.19291404 -5.00000000
3.91363115 -32.89375772 -5.00000000
4.28666964 -32.62076235 -5.00000000
4.76020340 -32.42619473 -5.00000000
5.28820623 -32.34428104 -5.00000000
5.81236764 -32.38373134 -5.00000000
6.27504089 -32.52598449 -5.00000000
6.63211447 -32.72941502 -5.00000000
6.86286975 -32.93850292 -5.00000000
6.97458159 -33.09600255 -5.00000000
7.00085571 -33.15553479 -5.00000000
7.02867518 -33.21681250 -5.00000000
7.14812998 -33.37685305 -5.00000000
7.39499191 -33.58332293 -5.00000000
7.77480161 -33.77229511 -5.00000000
8.26158981 -33.88348129 -5.00000000
8.80400251 -33.87461498 -5.00000000
9.33738541 -33.73148727 -5.00000000
9.79900745 -33.47123576 -5.00000000
10.14286605 -33.13816117 -5.00000000
10.35059461 -32.79314983 -5.00000000
10.43587813 -32.49926967 -5.00000000
10.44128341 -32.30694211 -5.00000000
10.42820139 -32.24211661 -5.00000000
10.41485675 -32.17951106 -5.00000000
10.41529166 -31.99321265 -5.00000000
10.48580986 -31.70563580 -5.00000000
10.66710570 -31.36126052 -5.00000000
10.97523348 -31.01667170 -5.00000000
11.39796651 -30.72790264 -5.00000000
11.89740040 -30.53800100 -5.00000000
12.41830980 -30.46760993 -5.00000000
12.90044862 -30.51055933 -5.00000000
13.29201487 -30.63530464 -5.00000000
13.56119942 -30.79184675 -5.00000000
13.70321610 -30.92267844 -5.00000000
13.74129352 -30.97544705 -5.00000000
13.78124541 -31.02960171 -5.00000000
13.93136414 -31.16130894 -5.00000000
14.21575905 -31.31194148 -5.00000000
14.62655852 -31.41781729 -5.00000000
15.12582614 -31.42536482 -5.00000000
15.65454241 -31.30391832 -5.00000000
16.14651169 -31.05302176 -5.00000000
16.54393685 -30.70248075 -5.00000000
16.81103121 -30.30519241 -5.00000000
16.94248851 -29.92453120 -5.00000000
16.96480727 -29.61934159 -5.00000000
16.93010727 -29.43009302 -5.00000000
16.90383315 -29.36940402 -5.00000000
16.87776370 -29.31094106 -5.00000000
16.83945548 -29.12862329 -5.00000000
16.84864211 -28.83266913 -5.00000000
16.95437655 -28.45812575 -5.00000000
17.18412695 -28.05700365 -5.00000000
17.53758378 -27.68665376 -5.00000000
17.98662108 -27.39706378 -5.00000000
18.48151223 -27.21990777 -5.00000000
18.96204485 -27.16167632 -5.00000000
19.37099044 -27.20228445 -5.00000000
19.66683960 -27.29943912 -5.00000000
19.83295431 -27.39788489 -5.00000000
19.88117085 -27.44158365 -5.00000000
19.93150909 -27.48624843 -5.00000000
20.10573084 -27.58386610 -5.00000000
20.41522930 -27.67207793 -5.00000000
20.83906464 -27.69023009 -5.00000000
21.32899128 -27.59380911 -5.00000000
21.82090369 -27.36509021 -5.00000000
22.24995793 -27.01739018 -5.00000000
22.56581682 -26.59188000 -5.00000000
22.74447364 -26.14774132 -5.00000000
22.79391437 -25.74806696 -5.00000000
22.75229291 -25.44490614 -5.00000000
22.67900421 -25.26700765 -5.00000000
22.64068629 -25.21310754 -5.00000000
22.60303138 -25.16134229 -5.00000000
22.52765430 -24.99097332 -5.00000000
22.47510784 -24.69957646 -5.00000000
22.50065978 -24.31123433 -5.00000000
22.64199162 -23.87110992 -5.00000000
22.91072450 -23.43536525 -5.00000000
23.28974010 -23.05874340 -5.00000000
23.73698389 -22.78256502 -5.00000000
24.19490872 -22.62569772 -5.00000000
24.60336078 -22.58039389 -5.00000000
24.91294451 -22.61391500 -5.00000000
25.09589725 -22.67567231 -5.00000000
25.15214563 -22.70839136 -5.00000000
25.21067018 -22.74161420 -5.00000000
25.40138062 -22.80087595 -5.00000000
25.72245607 -22.82281179 -5.00000000
26.14080364 -22.75244696 -5.00000000
26.59997715 -22.55627154 -5.00000000
27.03358676 -22.23027636 -5.00000000
27.38097424 -21.80096901 -5.00000000
27.60146231 -21.31908649 -5.00000000
27.68387343 -20.84750847 -5.00000000
27.64913679 -20.44628864 -5.00000000
27.54539418 -20.15840621 -5.00000000
27.43671984 -19.99963280 -5.00000000
27.38803279 -19.95487728 -5.00000000
27.34043813 -19.91207212 -5.00000000
27.23128652 -19.76109790 -5.00000000
27.11930351 -19.48699378 -5.00000000
27.06355622 -19.10182531 -5.00000000
27.11029260 -18.64193413 -5.00000000
27.28255661 -18.15983882 -5.00000000
27.57498573 -17.71264529 -5.00000000
27.95503546 -17.34951486 -5.00000000
28.37033899 -17.10086756 -5.00000000
28.76044619 -16.97163177 -5.00000000
29.07023420 -16.94005429 -5.00000000
29.26202905 -16.96242404 -5.00000000
29.32385094 -16.98273340 -5.00000000
29.38800401 -17.00306230 -5.00000000
29.58686818 -17.02137811 -5.00000000
29.90548808 -16.97607926 -5.00000000
30.30006408 -16.82027272 -5.00000000
30.70841639 -16.53291666 -5.00000000
31.06477237 -16.12389275 -5.00000000
31.31531058 -15.63174088 -5.00000000
31.43079145 -15.11454660 -5.00000000
31.41335511 -14.63613946 -5.00000000
31.29595925 -14.25090940 -5.00000000
31.13462955 -13.99088719 -5.00000000
30.99531915 -13.85817803 -5.00000000
30.93839084 -13.82452313 -5.00000000
30.88293654 -13.79254885 -5.00000000
30.74478085 -13.66756768 -5.00000000
30.57825549 -13.42273596 -5.00000000
30.44364538 -13.05757486 -5.00000000
30.39374371 -12.59801637 -5.00000000
30.46201009 -12.09064030 -5.00000000
30.65507216 -11.59241958 -5.00000000
30.95131783 -11.15820764 -5.00000000
31.30584930 -10.82864742 -5.00000000
31.66056209 -10.62112790 -5.00000000
31.95701517 -10.52583191 -5.00000000
32.14926977 -10.50783644 -5.00000000
32.21396326 -10.51484850 -5.00000000
32.28094105 -10.52139499 -5.00000000
32.47926763 -10.49796437 -5.00000000
32.78150676 -10.38741061 -5.00000000
33.13506632 -10.15297185 -5.00000000
33.47475047 -9.78699399 -5.00000000
33.73827837 -9.31281766 -5.00000000
33.88101759 -8.77933067 -5.00000000
33.88644419 -8.24942850 -5.00000000
33.76992243 -7.78510092 -5.00000000
33.57499813 -7.43269704 -5.00000000
33.36313221 -7.21189926 -5.00000000
33.19927429 -7.11105438 -5.00000000
33.13659275 -7.08997098 -5.00000000
33.07570244 -7.07022501 -5.00000000
32.91458073 -6.97669916 -5.00000000
32.70079097 -6.77184018 -5.00000000
32.49320115 -6.44264574 -5.00000000
32.34884237 -6.00350484 -5.00000000
32.31012755 -5.49302277 -5.00000000
32.39538484 -4.96554952 -5.00000000
32.59487909 -4.47923321 -5.00000000
32.87314378 -4.08316344 -5.00000000
33.17695951 -3.80642978 -5.00000000
33.44712122 -3.65158017 -5.00000000
33.63143313 -3.59400596 -5.00000000
33.69617080 -3.58741426 -5.00000000
