5.84642184 3.42803301 -5.00000000
5.90933604 3.45857666 -5.00000000
6.05384217 3.58681157 -5.00000000
6.19995125 3.84529662 -5.00000000
6.26699266 4.22977431 -5.00000000
6.19293897 4.69898600 -5.00000000
5.94886952 5.18542177 -5.00000000
5.54622897 5.61399963 -5.00000000
5.03469883 5.92323984 -5.00000000
4.49045605 6.08292628 -5.00000000
3.99729787 6.10305755 -5.00000000
3.62517073 6.03095013 -5.00000000
3.41134580 5.93672677 -5.00000000
3.34913333 5.89197459 -5.00000000
3.29878554 5.85203144 -5.00000000
3.12881135 5.75426248 -5.00000000
2.82751998 5.63610197 -5.00000000
2.40782296 5.53431530 -5.00000000
1.90718460 5.47948082 -5.00000000
1.38193954 5.49467187 -5.00000000
0.89372831 5.59485706 -5.00000000
0.49212536 5.78099263 -5.00000000
0.20377693 6.03197582 -5.00000000
0.03145716 6.30551545 -5.00000000
-0.04267074 6.54974628 -5.00000000
-0.05310763 6.71754700 -5.00000000
-0.04555275 6.77716634 -5.00000000
-0.04054723 6.84692346 -5.00000000
-0.07934885 7.03618690 -5.00000000
-0.23014893 7.29196360 -5.00000000
-0.52959567 7.54226200 -5.00000000
-0.97297176 7.71273548 -5.00000000
-1.51627223 7.74458302 -5.00000000
-2.08875181 7.61017499 -5.00000000
-2.61232676 7.32179701 -5.00000000
-3.02274067 6.93031215 -5.00000000
-3.28675394 6.51329027 -5.00000000
-3.41037066 6.15496501 -5.00000000
-3.43568330 5.92267551 -5.00000000
-3.42803301 5.84642184 -5.00000000
-3.41861512 5.78284780 -5.00000000
-3.41893182 5.58676135 -5.00000000
-3.46724749 5.26675512 -5.00000000
-3.58894617 4.85239350 -5.00000000
-3.79177729 4.39141072 -5.00000000
-4.06755565 3.94413068 -5.00000000
-4.39842419 3.57141995 -5.00000000
-4.76042379 3.31668938 -5.00000000
-5.12195583 3.19246391 -5.00000000
-5.44500798 3.18000043 -5.00000000
-5.69358204 3.23791920 -5.00000000
-5.84412016 3.31278095 -5.00000000
-5.89197459 3.34913333 -5.00000000
-5.94988327 3.38834680 -5.00000000
-6.13319103 3.44937533 -5.00000000
-6.43010018 3.44666698 -5.00000000
-6.79658833 3.31248769 -5.00000000
-7.16591074 3.01374947 -5.00000000
-7.46514175 2.55916124 -5.00000000
-7.63498078 1.99617537 -5.00000000
-7.64702559 1.39855717 -5.00000000
-7.51319671 0.84738587 -5.00000000
-7.28405181 0.41023273 -5.00000000
-7.03554139 0.12401488 -5.00000000
-6.84702910 -0.01405126 -5.00000000
-6.77716634 -0.04555275 -5.00000000
-6.71740066 -0.06918364 -5.00000000
-6.54774317 -0.16750113 -5.00000000
-6.29476748 -0.36934685 -5.00000000
-5.99676912 -0.68192181 -5.00000000
-5.69896189 -1.08807010 -5.00000000
-5.44949519 -1.55054119 -5.00000000
-5.29215250 -2.02343711 -5.00000000
-5.25254916 -2.46430325 -5.00000000
-5.32573276 -2.83951191 -5.00000000
-5.47646515 -3.12551502 -5.00000000
-5.65091130 -3.31182708 -5.00000000
-5.79101254 -3.40476605 -5.00000000
-5.84642184 -3.42803301 -5.00000000
-5.90933604 -3.45857666 -5.00000000
-6.05384217 -3.58681157 -5.00000000
-6.19995125 -3.84529662 -5.00000000
-6.26699266 -4.22977431 -5.00000000
-6.19293897 -4.69898600 -5.00000000
-5.94886952 -5.18542177 -5.00000000
-5.54622897 -5.61399963 -5.00000000
-5.03469883 -5.92323984 -5.00000000
-4.49045605 -6.08292628 -5.00000000
-3.99729787 -6.10305755 -5.00000000
-3.62517073 -6.03095013 -5.00000000
-3.41134580 -5.93672677 -5.00000000
-3.34913333 -5.89197459 -5.00000000
-3.29878554 -5.85203144 -5.00000000
-3.12881135 -5.75426248 -5.00000000
-2.82751998 -5.63610197 -5.00000000
-2.40782296 -5.53431530 -5.00000000
-1.90718460 -5.47948082 -5.00000000
-1.38193954 -5.49467187 -5.00000000
-0.89372831 -5.59485706 -5.00000000
-0.49212536 -5.78099263 -5.00000000
-0.20377693 -6.03197582 -5.00000000
-0.03145716 -6.30551545 -5.00000000
0.04267074 -6.54974628 -5.00000000
0.05310763 -6.71754700 -5.00000000
0.04555275 -6.77716634 -5.00000000
0.04054723 -6.84692346 -5.00000000
0.07934885 -7.03618690 -5.00000000
0.23014893 -7.29196360 -5.00000000
0.52959567 -7.54226200 -5.00000000
0.97297176 -7.71273548 -5.00000000
1.51627223 -7.74458302 -5.00000000
2.08875181 -7.61017499 -5.00000000
2.61232676 -7.32179701 -5.00000000
3.02274067 -6.93031215 -5.00000000
3.28675394 -6.51329027 -5.00000000
3.41037066 -6.15496501 -5.00000000
3.43568330 -5.92267551 -5.00000000
3.42803301 -5.84642184 -5.00000000
3.41861512 -5.78284780 -5.00000000
3.41893182 -5.58676135 -5.00000000
3.46724749 -5.26675512 -5.00000000
3.58894617 -4.85239350 -5.00000000
3.79177729 -4.39141072 -5.00000000
4.06755565 -3.94413068 -5.00000000
4.39842419 -3.57141995 -5.00000000
4.76042379 -3.31668938 -5.00000000
5.12195583 -3.19246391 -5.00000000
5.44500798 -3.18000043 -5.00000000
5.69358204 -3.23791920 -5.00000000
5.84412016 -3.31278095 -5.00000000
5.89197459 -3.34913333 -5.00000000
5.94988327 -3.38834680 -5.00000000
6.13319103 -3.44937533 -5.00000000
6.43010018 -3.44666698 -5.00000000
6.79658833 -3.31248769 -5.00000000
7.16591074 -3.01374947 -5.00000000
7.46514175 -2.55916124 -5.00000000
7.63498078 -1.99617537 -5.00000000
7.64702559 -1.39855717 -5.00000000
7.51319671 -0.84738587 -5.00000000
7.28405181 -0.41023273 -5.00000000
7.03554139 -0.12401488 -5.00000000
6.84702910 0.01405126 -5.00000000
6.77716634 0.04555275 -5.00000000
6.71740066 0.06918364 -5.00000000
6.54774317 0.16750113 -5.00000000
6.29476748 0.36934685 -5.00000000
5.99676912 0.68192181 -5.00000000
5.69896189 1.08807010 -5.00000000
5.44949519 1.55054119 -5.00000000
5.29215250 2.02343711 -5.00000000
5.25254916 2.46430325 -5.00000000
5.32573276 2.83951191 -5.00000000
5.47646515 3.12551502 -5.00000000
5.65091130 3.31182708 -5.00000000
5.79101254 3.40476605 -5.00000000
5.84642184 3.42803301 -5.00000000
