6.54638787 1.75409934 0.00000000
6.61029493 1.78493862 0.00000000
6.76983979 1.91924245 0.00000000
6.95733430 2.19572334 0.00000000
7.09461364 2.61393286 0.00000000
7.11402575 3.13426230 0.00000000
6.97660880 3.68843831 0.00000000
6.68258568 4.19770130 0.00000000
6.27136365 4.59379588 0.00000000
5.81103908 4.83714921 0.00000000
5.38021935 4.92736658 0.00000000
5.04703261 4.90323201 0.00000000
4.85094965 4.83221402 0.00000000
4.79228853 4.79228853 0.00000000
4.74448411 4.75585204 0.00000000
4.58711807 4.67539785 0.00000000
4.31471765 4.59823077 0.00000000
3.94277302 4.56955120 0.00000000
3.50480629 4.62367776 0.00000000
3.04596055 4.77737377 0.00000000
2.61434677 5.02656610 0.00000000
2.25181925 5.34709016 0.00000000
1.98596091 5.69931720 0.00000000
1.82482584 6.03577049 0.00000000
1.75545428 6.31025970 0.00000000
1.74644663 6.48676978 0.00000000
1.75409934 6.54638787 0.00000000
1.75934528 6.61715264 0.00000000
1.72280718 6.82247446 0.00000000
1.57711496 7.12308992 0.00000000
1.28357456 7.45108207 0.00000000
0.84266211 7.72805817 0.00000000
0.29402312 7.88613961 0.00000000
-0.29402312 7.88613961 0.00000000
-0.84266211 7.72805817 0.00000000
-1.28357456 7.45108207 0.00000000
-1.57711496 7.12308992 0.00000000
-1.72280718 6.82247446 0.00000000
-1.75934528 6.61715264 0.00000000
-1.75409934 6.54638787 0.00000000
-1.74644663 6.48676978 0.00000000
-1.75545428 6.31025970 0.00000000
-1.82482584 6.03577049 0.00000000
-1.98596091 5.69931720 0.00000000
-2.25181925 5.34709016 0.00000000
-2.61434677 5.02656610 0.00000000
-3.04596055 4.77737377 0.00000000
-3.50480629 4.62367776 0.00000000
-3.94277302 4.56955120 0.00000000
-4.31471765 4.59823077 0.00000000
-4.58711807 4.67539785 0.00000000
-4.74448411 4.75585204 0.00000000
-4.79228853 4.79228853 0.00000000
-4.85094965 4.83221402 0.00000000
-5.04703261 4.90323201 0.00000000
-5.38021935 4.92736658 0.00000000
-5.81103908 4.83714921 0.00000000
-6.27136365 4.59379588 0.00000000
-6.68258568 4.19770130 0.00000000
-6.97660880 3.68843831 0.00000000
-7.11402575 3.13426230 0.00000000
-7.09461364 2.61393286 0.00000000
-6.95733430 2.19572334 0.00000000
-6.76983979 1.91924245 0.00000000
-6.61029493 1.78493862 0.00000000
-6.54638787 1.75409934 0.00000000
-6.49093074 1.73091775 0.00000000
-6.34257234 1.63486185 0.00000000
-6.13954349 1.43753971 0.00000000
-5.92873393 1.12976600 0.00000000
-5.75662554 0.72341240 0.00000000
-5.66030732 0.24919233 0.00000000
-5.66030732 -0.24919233 0.00000000
-5.75662554 -0.72341240 0.00000000
-5.92873393 -1.12976600 0.00000000
-6.13954349 -1.43753971 0.00000000
-6.34257234 -1.63486185 0.00000000
-6.49093074 -1.73091775 0.00000000
-6.54638787 -1.75409934 0.00000000
-6.61029493 -1.78493862 0.00000000
-6.76983979 -1.91924245 0.00000000
-6.95733430 -2.19572334 0.00000000
-7.09461364 -2.61393286 0.00000000
-7.11402575 -3.13426230 0.00000000
-6.97660880 -3.68843831 0.00000000
-6.68258568 -4.19770130 0.00000000
-6.27136365 -4.59379588 0.00000000
-5.81103908 -4.83714921 0.00000000
-5.38021935 -4.92736658 0.00000000
-5.04703261 -4.90323201 0.00000000
-4.85094965 -4.83221402 0.00000000
-4.79228853 -4.79228853 0.00000000
-4.74448411 -4.75585204 0.00000000
-4.58711807 -4.67539785 0.00000000
-4.31471765 -4.59823077 0.00000000
-3.94277302 -4.56955120 0.00000000
-3.50480629 -4.62367776 0.00000000
-3.04596055 -4.77737377 0.00000000
-2.61434677 -5.02656610 0.00000000
-2.25181925 -5.34709016 0.00000000
-1.98596091 -5.69931720 0.00000000
-1.82482584 -6.03577049 0.00000000
-1.75545428 -6.31025970 0.00000000
-1.74644663 -6.48676978 0.00000000
-1.75409934 -6.54638787 0.00000000
-1.75934528 -6.61715264 0.00000000
-1.72280718 -6.82247446 0.00000000
-1.57711496 -7.12308992 0.00000000
-1.28357456 -7.45108207 0.00000000
-0.84266211 -7.72805817 0.00000000
-0.29402312 -7.88613961 0.00000000
0.29402312 -7.88613961 0.00000000
0.84266211 -7.72805817 0.00000000
1.28357456 -7.45108207 0.00000000
1.57711496 -7.12308992 0.00000000
1.72280718 -6.82247446 0.00000000
1.75934528 -6.61715264 0.00000000
1.75409934 -6.54638787 0.00000000
1.74644663 -6.48676978 0.00000000
1.75545428 -6.31025970 0.00000000
1.82482584 -6.03577049 0.00000000
1.98596091 -5.69931720 0.00000000
2.25181925 -5.34709016 0.00000000
2.61434677 -5.02656610 0.00000000
3.04596055 -4.77737377 0.00000000
3.50480629 -4.62367776 0.00000000
3.94277302 -4.56955120 0.00000000
4.31471765 -4.59823077 0.00000000
4.58711807 -4.67539785 0.00000000
4.74448411 -4.75585204 0.00000000
4.79228853 -4.79228853 0.00000000
4.85094965 -4.83221402 0.00000000
5.04703261 -4.90323201 0.00000000
5.38021935 -4.92736658 0.00000000
5.81103908 -4.83714921 0.00000000
6.27136365 -4.59379588 0.00000000
6.68258568 -4.19770130 0.00000000
6.97660880 -3.68843831 0.00000000
7.11402575 -3.13426230 0.00000000
7.09461364 -2.61393286 0.00000000
6.95733430 -2.19572334 0.00000000
6.76983979 -1.91924245 0.00000000
6.61029493 -1.78493862 0.00000000
6.54638787 -1.75409934 0.00000000
6.49093074 -1.73091775 0.00000000
6.34257234 -1.63486185 0.00000000
6.13954349 -1.43753971 0.00000000
5.92873393 -1.12976600 0.00000000
5.75662554 -0.72341240 0.00000000
5.66030732 -0.24919233 0.00000000
5.66030732 0.24919233 0.00000000
5.75662554 0.72341240 0.00000000
5.92873393 1.12976600 0.00000000
6.13954349 1.43753971 0.00000000
6.34257234 1.63486185 0.00000000
6.49093074 1.73091775 0.00000000
6.54638787 1.75409934 0.00000000
